{
    "cm": [
        [
            "am4",
            [
                [
                    [
                        "m0",
                        "../../stable-diffusion-webui/tmp/astolfo_mix/raw/20a-bpcga9-lracrc2oh-b11i75pvc-gf34ym34.safetensors"
                    ],
                    [
                        "m1",
                        "../../stable-diffusion-webui/tmp/astolfo_mix/raw/_01a-VBP23-1024-ep49.safetensors"
                    ]
                ],
                [
                    [
                        "m0",
                        "../../stable-diffusion-webui/tmp/astolfo_mix/raw/20a-bpcga9-lracrc2oh-b11i75pvc-gf34ym34.safetensors"
                    ],
                    [
                        "m2",
                        "../../stable-diffusion-webui/tmp/astolfo_mix/raw/_11-bp_nman_e29-sd-v1-4.safetensors"
                    ]
                ],
                [
                    [
                        "m0",
                        "../../stable-diffusion-webui/tmp/astolfo_mix/raw/20a-bpcga9-lracrc2oh-b11i75pvc-gf34ym34.safetensors"
                    ],
                    [
                        "m3",
                        "../../stable-diffusion-webui/tmp/astolfo_mix/raw/_12-CGA9.safetensors"
                    ]
                ],
                [
                    [
                        "m0",
                        "../../stable-diffusion-webui/tmp/astolfo_mix/raw/20a-bpcga9-lracrc2oh-b11i75pvc-gf34ym34.safetensors"
                    ],
                    [
                        "m4",
                        "../../stable-diffusion-webui/tmp/astolfo_mix/raw/_13-limeremixAnniversary_10kdl.safetensors"
                    ]
                ],
                [
                    [
                        "m0",
                        "../../stable-diffusion-webui/tmp/astolfo_mix/raw/20a-bpcga9-lracrc2oh-b11i75pvc-gf34ym34.safetensors"
                    ],
                    [
                        "m5",
                        "../../stable-diffusion-webui/tmp/astolfo_mix/raw/_14-cyberrealistic_classicV20.safetensors"
                    ]
                ],
                [
                    [
                        "m0",
                        "../../stable-diffusion-webui/tmp/astolfo_mix/raw/20a-bpcga9-lracrc2oh-b11i75pvc-gf34ym34.safetensors"
                    ],
                    [
                        "m6",
                        "../../stable-diffusion-webui/tmp/astolfo_mix/raw/_15-ORCHID HEART.safetensors"
                    ]
                ],
                [
                    [
                        "m0",
                        "../../stable-diffusion-webui/tmp/astolfo_mix/raw/20a-bpcga9-lracrc2oh-b11i75pvc-gf34ym34.safetensors"
                    ],
                    [
                        "m7",
                        "../../stable-diffusion-webui/tmp/astolfo_mix/raw/_16-bb95FurryMix_v110SE.safetensors"
                    ]
                ],
                [
                    [
                        "m0",
                        "../../stable-diffusion-webui/tmp/astolfo_mix/raw/20a-bpcga9-lracrc2oh-b11i75pvc-gf34ym34.safetensors"
                    ],
                    [
                        "m8",
                        "../../stable-diffusion-webui/tmp/astolfo_mix/raw/_17-indigoFurryMix_v75Hybrid.safetensors"
                    ]
                ],
                [
                    [
                        "m0",
                        "../../stable-diffusion-webui/tmp/astolfo_mix/raw/20a-bpcga9-lracrc2oh-b11i75pvc-gf34ym34.safetensors"
                    ],
                    [
                        "m9",
                        "../../stable-diffusion-webui/tmp/astolfo_mix/raw/_18-aoaokoPVCStyleModel_pvcAOAOKO.safetensors"
                    ]
                ],
                [
                    [
                        "m0",
                        "../../stable-diffusion-webui/tmp/astolfo_mix/raw/20a-bpcga9-lracrc2oh-b11i75pvc-gf34ym34.safetensors"
                    ],
                    [
                        "m10",
                        "../../stable-diffusion-webui/tmp/astolfo_mix/raw/_19-GuoFeng3.4.safetensors"
                    ]
                ],
                [
                    [
                        "m0",
                        "../../stable-diffusion-webui/tmp/astolfo_mix/raw/20a-bpcga9-lracrc2oh-b11i75pvc-gf34ym34.safetensors"
                    ],
                    [
                        "m11",
                        "../../stable-diffusion-webui/tmp/astolfo_mix/raw/_20-yiffymix_v34.safetensors"
                    ]
                ],
                [
                    [
                        "m1",
                        "../../stable-diffusion-webui/tmp/astolfo_mix/raw/_01a-VBP23-1024-ep49.safetensors"
                    ],
                    [
                        "m2",
                        "../../stable-diffusion-webui/tmp/astolfo_mix/raw/_11-bp_nman_e29-sd-v1-4.safetensors"
                    ]
                ],
                [
                    [
                        "m1",
                        "../../stable-diffusion-webui/tmp/astolfo_mix/raw/_01a-VBP23-1024-ep49.safetensors"
                    ],
                    [
                        "m3",
                        "../../stable-diffusion-webui/tmp/astolfo_mix/raw/_12-CGA9.safetensors"
                    ]
                ],
                [
                    [
                        "m1",
                        "../../stable-diffusion-webui/tmp/astolfo_mix/raw/_01a-VBP23-1024-ep49.safetensors"
                    ],
                    [
                        "m4",
                        "../../stable-diffusion-webui/tmp/astolfo_mix/raw/_13-limeremixAnniversary_10kdl.safetensors"
                    ]
                ],
                [
                    [
                        "m1",
                        "../../stable-diffusion-webui/tmp/astolfo_mix/raw/_01a-VBP23-1024-ep49.safetensors"
                    ],
                    [
                        "m5",
                        "../../stable-diffusion-webui/tmp/astolfo_mix/raw/_14-cyberrealistic_classicV20.safetensors"
                    ]
                ],
                [
                    [
                        "m1",
                        "../../stable-diffusion-webui/tmp/astolfo_mix/raw/_01a-VBP23-1024-ep49.safetensors"
                    ],
                    [
                        "m6",
                        "../../stable-diffusion-webui/tmp/astolfo_mix/raw/_15-ORCHID HEART.safetensors"
                    ]
                ],
                [
                    [
                        "m1",
                        "../../stable-diffusion-webui/tmp/astolfo_mix/raw/_01a-VBP23-1024-ep49.safetensors"
                    ],
                    [
                        "m7",
                        "../../stable-diffusion-webui/tmp/astolfo_mix/raw/_16-bb95FurryMix_v110SE.safetensors"
                    ]
                ],
                [
                    [
                        "m1",
                        "../../stable-diffusion-webui/tmp/astolfo_mix/raw/_01a-VBP23-1024-ep49.safetensors"
                    ],
                    [
                        "m8",
                        "../../stable-diffusion-webui/tmp/astolfo_mix/raw/_17-indigoFurryMix_v75Hybrid.safetensors"
                    ]
                ],
                [
                    [
                        "m1",
                        "../../stable-diffusion-webui/tmp/astolfo_mix/raw/_01a-VBP23-1024-ep49.safetensors"
                    ],
                    [
                        "m9",
                        "../../stable-diffusion-webui/tmp/astolfo_mix/raw/_18-aoaokoPVCStyleModel_pvcAOAOKO.safetensors"
                    ]
                ],
                [
                    [
                        "m1",
                        "../../stable-diffusion-webui/tmp/astolfo_mix/raw/_01a-VBP23-1024-ep49.safetensors"
                    ],
                    [
                        "m10",
                        "../../stable-diffusion-webui/tmp/astolfo_mix/raw/_19-GuoFeng3.4.safetensors"
                    ]
                ],
                [
                    [
                        "m1",
                        "../../stable-diffusion-webui/tmp/astolfo_mix/raw/_01a-VBP23-1024-ep49.safetensors"
                    ],
                    [
                        "m11",
                        "../../stable-diffusion-webui/tmp/astolfo_mix/raw/_20-yiffymix_v34.safetensors"
                    ]
                ],
                [
                    [
                        "m2",
                        "../../stable-diffusion-webui/tmp/astolfo_mix/raw/_11-bp_nman_e29-sd-v1-4.safetensors"
                    ],
                    [
                        "m3",
                        "../../stable-diffusion-webui/tmp/astolfo_mix/raw/_12-CGA9.safetensors"
                    ]
                ],
                [
                    [
                        "m2",
                        "../../stable-diffusion-webui/tmp/astolfo_mix/raw/_11-bp_nman_e29-sd-v1-4.safetensors"
                    ],
                    [
                        "m4",
                        "../../stable-diffusion-webui/tmp/astolfo_mix/raw/_13-limeremixAnniversary_10kdl.safetensors"
                    ]
                ],
                [
                    [
                        "m2",
                        "../../stable-diffusion-webui/tmp/astolfo_mix/raw/_11-bp_nman_e29-sd-v1-4.safetensors"
                    ],
                    [
                        "m5",
                        "../../stable-diffusion-webui/tmp/astolfo_mix/raw/_14-cyberrealistic_classicV20.safetensors"
                    ]
                ],
                [
                    [
                        "m2",
                        "../../stable-diffusion-webui/tmp/astolfo_mix/raw/_11-bp_nman_e29-sd-v1-4.safetensors"
                    ],
                    [
                        "m6",
                        "../../stable-diffusion-webui/tmp/astolfo_mix/raw/_15-ORCHID HEART.safetensors"
                    ]
                ],
                [
                    [
                        "m2",
                        "../../stable-diffusion-webui/tmp/astolfo_mix/raw/_11-bp_nman_e29-sd-v1-4.safetensors"
                    ],
                    [
                        "m7",
                        "../../stable-diffusion-webui/tmp/astolfo_mix/raw/_16-bb95FurryMix_v110SE.safetensors"
                    ]
                ],
                [
                    [
                        "m2",
                        "../../stable-diffusion-webui/tmp/astolfo_mix/raw/_11-bp_nman_e29-sd-v1-4.safetensors"
                    ],
                    [
                        "m8",
                        "../../stable-diffusion-webui/tmp/astolfo_mix/raw/_17-indigoFurryMix_v75Hybrid.safetensors"
                    ]
                ],
                [
                    [
                        "m2",
                        "../../stable-diffusion-webui/tmp/astolfo_mix/raw/_11-bp_nman_e29-sd-v1-4.safetensors"
                    ],
                    [
                        "m9",
                        "../../stable-diffusion-webui/tmp/astolfo_mix/raw/_18-aoaokoPVCStyleModel_pvcAOAOKO.safetensors"
                    ]
                ],
                [
                    [
                        "m2",
                        "../../stable-diffusion-webui/tmp/astolfo_mix/raw/_11-bp_nman_e29-sd-v1-4.safetensors"
                    ],
                    [
                        "m10",
                        "../../stable-diffusion-webui/tmp/astolfo_mix/raw/_19-GuoFeng3.4.safetensors"
                    ]
                ],
                [
                    [
                        "m2",
                        "../../stable-diffusion-webui/tmp/astolfo_mix/raw/_11-bp_nman_e29-sd-v1-4.safetensors"
                    ],
                    [
                        "m11",
                        "../../stable-diffusion-webui/tmp/astolfo_mix/raw/_20-yiffymix_v34.safetensors"
                    ]
                ],
                [
                    [
                        "m3",
                        "../../stable-diffusion-webui/tmp/astolfo_mix/raw/_12-CGA9.safetensors"
                    ],
                    [
                        "m4",
                        "../../stable-diffusion-webui/tmp/astolfo_mix/raw/_13-limeremixAnniversary_10kdl.safetensors"
                    ]
                ],
                [
                    [
                        "m3",
                        "../../stable-diffusion-webui/tmp/astolfo_mix/raw/_12-CGA9.safetensors"
                    ],
                    [
                        "m5",
                        "../../stable-diffusion-webui/tmp/astolfo_mix/raw/_14-cyberrealistic_classicV20.safetensors"
                    ]
                ],
                [
                    [
                        "m3",
                        "../../stable-diffusion-webui/tmp/astolfo_mix/raw/_12-CGA9.safetensors"
                    ],
                    [
                        "m6",
                        "../../stable-diffusion-webui/tmp/astolfo_mix/raw/_15-ORCHID HEART.safetensors"
                    ]
                ],
                [
                    [
                        "m3",
                        "../../stable-diffusion-webui/tmp/astolfo_mix/raw/_12-CGA9.safetensors"
                    ],
                    [
                        "m7",
                        "../../stable-diffusion-webui/tmp/astolfo_mix/raw/_16-bb95FurryMix_v110SE.safetensors"
                    ]
                ],
                [
                    [
                        "m3",
                        "../../stable-diffusion-webui/tmp/astolfo_mix/raw/_12-CGA9.safetensors"
                    ],
                    [
                        "m8",
                        "../../stable-diffusion-webui/tmp/astolfo_mix/raw/_17-indigoFurryMix_v75Hybrid.safetensors"
                    ]
                ],
                [
                    [
                        "m3",
                        "../../stable-diffusion-webui/tmp/astolfo_mix/raw/_12-CGA9.safetensors"
                    ],
                    [
                        "m9",
                        "../../stable-diffusion-webui/tmp/astolfo_mix/raw/_18-aoaokoPVCStyleModel_pvcAOAOKO.safetensors"
                    ]
                ],
                [
                    [
                        "m3",
                        "../../stable-diffusion-webui/tmp/astolfo_mix/raw/_12-CGA9.safetensors"
                    ],
                    [
                        "m10",
                        "../../stable-diffusion-webui/tmp/astolfo_mix/raw/_19-GuoFeng3.4.safetensors"
                    ]
                ],
                [
                    [
                        "m3",
                        "../../stable-diffusion-webui/tmp/astolfo_mix/raw/_12-CGA9.safetensors"
                    ],
                    [
                        "m11",
                        "../../stable-diffusion-webui/tmp/astolfo_mix/raw/_20-yiffymix_v34.safetensors"
                    ]
                ],
                [
                    [
                        "m4",
                        "../../stable-diffusion-webui/tmp/astolfo_mix/raw/_13-limeremixAnniversary_10kdl.safetensors"
                    ],
                    [
                        "m5",
                        "../../stable-diffusion-webui/tmp/astolfo_mix/raw/_14-cyberrealistic_classicV20.safetensors"
                    ]
                ],
                [
                    [
                        "m4",
                        "../../stable-diffusion-webui/tmp/astolfo_mix/raw/_13-limeremixAnniversary_10kdl.safetensors"
                    ],
                    [
                        "m6",
                        "../../stable-diffusion-webui/tmp/astolfo_mix/raw/_15-ORCHID HEART.safetensors"
                    ]
                ],
                [
                    [
                        "m4",
                        "../../stable-diffusion-webui/tmp/astolfo_mix/raw/_13-limeremixAnniversary_10kdl.safetensors"
                    ],
                    [
                        "m7",
                        "../../stable-diffusion-webui/tmp/astolfo_mix/raw/_16-bb95FurryMix_v110SE.safetensors"
                    ]
                ],
                [
                    [
                        "m4",
                        "../../stable-diffusion-webui/tmp/astolfo_mix/raw/_13-limeremixAnniversary_10kdl.safetensors"
                    ],
                    [
                        "m8",
                        "../../stable-diffusion-webui/tmp/astolfo_mix/raw/_17-indigoFurryMix_v75Hybrid.safetensors"
                    ]
                ],
                [
                    [
                        "m4",
                        "../../stable-diffusion-webui/tmp/astolfo_mix/raw/_13-limeremixAnniversary_10kdl.safetensors"
                    ],
                    [
                        "m9",
                        "../../stable-diffusion-webui/tmp/astolfo_mix/raw/_18-aoaokoPVCStyleModel_pvcAOAOKO.safetensors"
                    ]
                ],
                [
                    [
                        "m4",
                        "../../stable-diffusion-webui/tmp/astolfo_mix/raw/_13-limeremixAnniversary_10kdl.safetensors"
                    ],
                    [
                        "m10",
                        "../../stable-diffusion-webui/tmp/astolfo_mix/raw/_19-GuoFeng3.4.safetensors"
                    ]
                ],
                [
                    [
                        "m4",
                        "../../stable-diffusion-webui/tmp/astolfo_mix/raw/_13-limeremixAnniversary_10kdl.safetensors"
                    ],
                    [
                        "m11",
                        "../../stable-diffusion-webui/tmp/astolfo_mix/raw/_20-yiffymix_v34.safetensors"
                    ]
                ],
                [
                    [
                        "m5",
                        "../../stable-diffusion-webui/tmp/astolfo_mix/raw/_14-cyberrealistic_classicV20.safetensors"
                    ],
                    [
                        "m6",
                        "../../stable-diffusion-webui/tmp/astolfo_mix/raw/_15-ORCHID HEART.safetensors"
                    ]
                ],
                [
                    [
                        "m5",
                        "../../stable-diffusion-webui/tmp/astolfo_mix/raw/_14-cyberrealistic_classicV20.safetensors"
                    ],
                    [
                        "m7",
                        "../../stable-diffusion-webui/tmp/astolfo_mix/raw/_16-bb95FurryMix_v110SE.safetensors"
                    ]
                ],
                [
                    [
                        "m5",
                        "../../stable-diffusion-webui/tmp/astolfo_mix/raw/_14-cyberrealistic_classicV20.safetensors"
                    ],
                    [
                        "m8",
                        "../../stable-diffusion-webui/tmp/astolfo_mix/raw/_17-indigoFurryMix_v75Hybrid.safetensors"
                    ]
                ],
                [
                    [
                        "m5",
                        "../../stable-diffusion-webui/tmp/astolfo_mix/raw/_14-cyberrealistic_classicV20.safetensors"
                    ],
                    [
                        "m9",
                        "../../stable-diffusion-webui/tmp/astolfo_mix/raw/_18-aoaokoPVCStyleModel_pvcAOAOKO.safetensors"
                    ]
                ],
                [
                    [
                        "m5",
                        "../../stable-diffusion-webui/tmp/astolfo_mix/raw/_14-cyberrealistic_classicV20.safetensors"
                    ],
                    [
                        "m10",
                        "../../stable-diffusion-webui/tmp/astolfo_mix/raw/_19-GuoFeng3.4.safetensors"
                    ]
                ],
                [
                    [
                        "m5",
                        "../../stable-diffusion-webui/tmp/astolfo_mix/raw/_14-cyberrealistic_classicV20.safetensors"
                    ],
                    [
                        "m11",
                        "../../stable-diffusion-webui/tmp/astolfo_mix/raw/_20-yiffymix_v34.safetensors"
                    ]
                ],
                [
                    [
                        "m6",
                        "../../stable-diffusion-webui/tmp/astolfo_mix/raw/_15-ORCHID HEART.safetensors"
                    ],
                    [
                        "m7",
                        "../../stable-diffusion-webui/tmp/astolfo_mix/raw/_16-bb95FurryMix_v110SE.safetensors"
                    ]
                ],
                [
                    [
                        "m6",
                        "../../stable-diffusion-webui/tmp/astolfo_mix/raw/_15-ORCHID HEART.safetensors"
                    ],
                    [
                        "m8",
                        "../../stable-diffusion-webui/tmp/astolfo_mix/raw/_17-indigoFurryMix_v75Hybrid.safetensors"
                    ]
                ],
                [
                    [
                        "m6",
                        "../../stable-diffusion-webui/tmp/astolfo_mix/raw/_15-ORCHID HEART.safetensors"
                    ],
                    [
                        "m9",
                        "../../stable-diffusion-webui/tmp/astolfo_mix/raw/_18-aoaokoPVCStyleModel_pvcAOAOKO.safetensors"
                    ]
                ],
                [
                    [
                        "m6",
                        "../../stable-diffusion-webui/tmp/astolfo_mix/raw/_15-ORCHID HEART.safetensors"
                    ],
                    [
                        "m10",
                        "../../stable-diffusion-webui/tmp/astolfo_mix/raw/_19-GuoFeng3.4.safetensors"
                    ]
                ],
                [
                    [
                        "m6",
                        "../../stable-diffusion-webui/tmp/astolfo_mix/raw/_15-ORCHID HEART.safetensors"
                    ],
                    [
                        "m11",
                        "../../stable-diffusion-webui/tmp/astolfo_mix/raw/_20-yiffymix_v34.safetensors"
                    ]
                ],
                [
                    [
                        "m7",
                        "../../stable-diffusion-webui/tmp/astolfo_mix/raw/_16-bb95FurryMix_v110SE.safetensors"
                    ],
                    [
                        "m8",
                        "../../stable-diffusion-webui/tmp/astolfo_mix/raw/_17-indigoFurryMix_v75Hybrid.safetensors"
                    ]
                ],
                [
                    [
                        "m7",
                        "../../stable-diffusion-webui/tmp/astolfo_mix/raw/_16-bb95FurryMix_v110SE.safetensors"
                    ],
                    [
                        "m9",
                        "../../stable-diffusion-webui/tmp/astolfo_mix/raw/_18-aoaokoPVCStyleModel_pvcAOAOKO.safetensors"
                    ]
                ],
                [
                    [
                        "m7",
                        "../../stable-diffusion-webui/tmp/astolfo_mix/raw/_16-bb95FurryMix_v110SE.safetensors"
                    ],
                    [
                        "m10",
                        "../../stable-diffusion-webui/tmp/astolfo_mix/raw/_19-GuoFeng3.4.safetensors"
                    ]
                ],
                [
                    [
                        "m7",
                        "../../stable-diffusion-webui/tmp/astolfo_mix/raw/_16-bb95FurryMix_v110SE.safetensors"
                    ],
                    [
                        "m11",
                        "../../stable-diffusion-webui/tmp/astolfo_mix/raw/_20-yiffymix_v34.safetensors"
                    ]
                ],
                [
                    [
                        "m8",
                        "../../stable-diffusion-webui/tmp/astolfo_mix/raw/_17-indigoFurryMix_v75Hybrid.safetensors"
                    ],
                    [
                        "m9",
                        "../../stable-diffusion-webui/tmp/astolfo_mix/raw/_18-aoaokoPVCStyleModel_pvcAOAOKO.safetensors"
                    ]
                ],
                [
                    [
                        "m8",
                        "../../stable-diffusion-webui/tmp/astolfo_mix/raw/_17-indigoFurryMix_v75Hybrid.safetensors"
                    ],
                    [
                        "m10",
                        "../../stable-diffusion-webui/tmp/astolfo_mix/raw/_19-GuoFeng3.4.safetensors"
                    ]
                ],
                [
                    [
                        "m8",
                        "../../stable-diffusion-webui/tmp/astolfo_mix/raw/_17-indigoFurryMix_v75Hybrid.safetensors"
                    ],
                    [
                        "m11",
                        "../../stable-diffusion-webui/tmp/astolfo_mix/raw/_20-yiffymix_v34.safetensors"
                    ]
                ],
                [
                    [
                        "m9",
                        "../../stable-diffusion-webui/tmp/astolfo_mix/raw/_18-aoaokoPVCStyleModel_pvcAOAOKO.safetensors"
                    ],
                    [
                        "m10",
                        "../../stable-diffusion-webui/tmp/astolfo_mix/raw/_19-GuoFeng3.4.safetensors"
                    ]
                ],
                [
                    [
                        "m9",
                        "../../stable-diffusion-webui/tmp/astolfo_mix/raw/_18-aoaokoPVCStyleModel_pvcAOAOKO.safetensors"
                    ],
                    [
                        "m11",
                        "../../stable-diffusion-webui/tmp/astolfo_mix/raw/_20-yiffymix_v34.safetensors"
                    ]
                ],
                [
                    [
                        "m10",
                        "../../stable-diffusion-webui/tmp/astolfo_mix/raw/_19-GuoFeng3.4.safetensors"
                    ],
                    [
                        "m11",
                        "../../stable-diffusion-webui/tmp/astolfo_mix/raw/_20-yiffymix_v34.safetensors"
                    ]
                ]
            ]
        ]
    ],
    "dm": {
        "other": [
            [
                0.0,
                0.0,
                0.08154296875,
                0.0,
                0.9183570146560669,
                0.08154296875,
                0.08154296875,
                0.0,
                0.0,
                0.08154296875,
                0.04150390625,
                0.03369140625
            ],
            [
                0.0,
                0.0,
                0.0,
                0.0,
                0.0,
                0.0,
                0.0,
                0.0,
                0.0,
                0.0,
                0.0,
                0.0
            ],
            [
                0.08154296875,
                0.0,
                0.0,
                0.0,
                0.9998999834060669,
                0.0,
                0.0,
                0.0,
                0.0,
                0.0,
                0.0400390625,
                0.115234375
            ],
            [
                0.0,
                0.0,
                0.0,
                0.0,
                0.0,
                0.0,
                0.0,
                0.0,
                0.0,
                0.0,
                0.0,
                0.0
            ],
            [
                0.9183570146560669,
                0.0,
                0.9998999834060669,
                0.0,
                0.0,
                0.9998999834060669,
                0.9998999834060669,
                0.0,
                0.0,
                0.9998999834060669,
                0.9598609209060669,
                0.8846656084060669
            ],
            [
                0.08154296875,
                0.0,
                0.0,
                0.0,
                0.9998999834060669,
                0.0,
                0.0,
                0.0,
                0.0,
                0.0,
                0.0400390625,
                0.115234375
            ],
            [
                0.08154296875,
                0.0,
                0.0,
                0.0,
                0.9998999834060669,
                0.0,
                0.0,
                0.0,
                0.0,
                0.0,
                0.0400390625,
                0.115234375
            ],
            [
                0.0,
                0.0,
                0.0,
                0.0,
                0.0,
                0.0,
                0.0,
                0.0,
                0.0,
                0.0,
                0.0,
                0.0
            ],
            [
                0.0,
                0.0,
                0.0,
                0.0,
                0.0,
                0.0,
                0.0,
                0.0,
                0.0,
                0.0,
                0.0,
                0.0
            ],
            [
                0.08154296875,
                0.0,
                0.0,
                0.0,
                0.9998999834060669,
                0.0,
                0.0,
                0.0,
                0.0,
                0.0,
                0.0400390625,
                0.115234375
            ],
            [
                0.04150390625,
                0.0,
                0.0400390625,
                0.0,
                0.9598609209060669,
                0.0400390625,
                0.0400390625,
                0.0,
                0.0,
                0.0400390625,
                0.0,
                0.0751953125
            ],
            [
                0.03369140625,
                0.0,
                0.115234375,
                0.0,
                0.8846656084060669,
                0.115234375,
                0.115234375,
                0.0,
                0.0,
                0.115234375,
                0.0751953125,
                0.0
            ]
        ],
        "te": [
            [
                0.0,
                0.0,
                2.584081129061344,
                0.0,
                2.592766338075818,
                2.6508556757269717,
                7.782898886164344,
                13.469998803491192,
                13.31782230598095,
                2.5987707042095582,
                2.734564081793587,
                14.744873431560306
            ],
            [
                0.0,
                0.0,
                0.0,
                0.0,
                0.0,
                0.0,
                0.0,
                0.0,
                0.0,
                0.0,
                0.0,
                0.0
            ],
            [
                2.584081129061344,
                0.0,
                0.0,
                0.0,
                0.23440614416316077,
                1.0736315521125739,
                7.896544002675939,
                15.855385691238217,
                15.703470915660633,
                0.10687394225475243,
                0.9874798204893963,
                17.110520551868042
            ],
            [
                0.0,
                0.0,
                0.0,
                0.0,
                0.0,
                0.0,
                0.0,
                0.0,
                0.0,
                0.0,
                0.0,
                0.0
            ],
            [
                2.592766338075818,
                0.0,
                0.23440614416316077,
                0.0,
                0.0,
                1.0892887057348961,
                7.8986751544617135,
                15.85888298079723,
                15.707618962576388,
                0.2508427231265124,
                0.9828106671306256,
                17.113922501636686
            ],
            [
                2.6508556757269717,
                0.0,
                1.0736315521125739,
                0.0,
                1.0892887057348961,
                0.0,
                7.96396754889695,
                15.811421308772218,
                15.661534114334623,
                1.0782190437137866,
                1.3912956478475151,
                17.065507798754336
            ],
            [
                7.782898886164344,
                0.0,
                7.896544002675939,
                0.0,
                7.8986751544617135,
                7.96396754889695,
                0.0,
                17.60233412589799,
                17.424095112089862,
                7.899978285495328,
                7.94864696999719,
                18.72785278411693
            ],
            [
                13.469998803491192,
                0.0,
                15.855385691238217,
                0.0,
                15.85888298079723,
                15.811421308772218,
                17.60233412589799,
                0.0,
                5.125508129625615,
                15.861752798148816,
                15.885516123487427,
                6.2290070199106085
            ],
            [
                13.31782230598095,
                0.0,
                15.703470915660633,
                0.0,
                15.707618962576388,
                15.661534114334623,
                17.424095112089862,
                5.125508129625615,
                0.0,
                15.71209927616238,
                15.73588515552703,
                7.104859369677229
            ],
            [
                2.5987707042095582,
                0.0,
                0.10687394225475243,
                0.0,
                0.2508427231265124,
                1.0782190437137866,
                7.899978285495328,
                15.861752798148816,
                15.71209927616238,
                0.0,
                0.9853876860793764,
                17.117752497746018
            ],
            [
                2.734564081793587,
                0.0,
                0.9874798204893963,
                0.0,
                0.9828106671306256,
                1.3912956478475151,
                7.94864696999719,
                15.885516123487427,
                15.73588515552703,
                0.9853876860793764,
                0.0,
                17.138670260842066
            ],
            [
                14.744873431560306,
                0.0,
                17.110520551868042,
                0.0,
                17.113922501636686,
                17.065507798754336,
                18.72785278411693,
                6.2290070199106085,
                7.104859369677229,
                17.117752497746018,
                17.138670260842066,
                0.0
            ]
        ],
        "unet": [
            [
                0.0,
                120.81784560247978,
                100.42202051777977,
                77.46170560813145,
                43.511367004158494,
                66.89440028204929,
                68.6186861758298,
                234.50268500228873,
                211.3802314278119,
                81.75172894019069,
                61.99370435195102,
                203.93316956992726
            ],
            [
                120.81784560247978,
                0.0,
                130.326038936867,
                116.96076181818302,
                115.62909871364963,
                162.96695871592192,
                115.2514660299672,
                312.7411362027969,
                289.85350798276454,
                119.89745379372278,
                144.61208500767043,
                282.18610171668604
            ],
            [
                100.42202051777977,
                130.326038936867,
                0.0,
                79.1771962824768,
                88.96869889238019,
                146.81637762301324,
                86.91391105128464,
                306.97975063102757,
                284.12277979542444,
                96.37011152433485,
                124.03068200964495,
                275.49751342409786
            ],
            [
                77.46170560813145,
                116.96076181818302,
                79.1771962824768,
                0.0,
                53.034228286564705,
                129.14421877612565,
                45.103004666999716,
                303.81816270067367,
                280.087478297087,
                61.79925028969726,
                100.44415980939922,
                271.9832457206932
            ],
            [
                43.511367004158494,
                115.62909871364963,
                88.96869889238019,
                53.034228286564705,
                0.0,
                89.3722370804651,
                49.7636686733895,
                270.2215825933191,
                246.51016330682546,
                61.933951094521795,
                78.86590170368832,
                240.11364887395638
            ],
            [
                66.89440028204929,
                162.96695871592192,
                146.81637762301324,
                129.14421877612565,
                89.3722370804651,
                0.0,
                117.99563129912377,
                217.32866240275072,
                197.00629115314672,
                128.0214763244539,
                76.56990929956892,
                193.3928654763151
            ],
            [
                68.6186861758298,
                115.2514660299672,
                86.91391105128464,
                45.103004666999716,
                49.7636686733895,
                117.99563129912377,
                0.0,
                295.21303116492965,
                271.81728154733804,
                54.30928000753146,
                89.30829960701956,
                263.69178437112527
            ],
            [
                234.50268500228873,
                312.7411362027969,
                306.97975063102757,
                303.81816270067367,
                270.2215825933191,
                217.32866240275072,
                295.21303116492965,
                0.0,
                35.49521521658835,
                301.28013933196706,
                255.4494533787964,
                47.70644077335827
            ],
            [
                211.3802314278119,
                289.85350798276454,
                284.12277979542444,
                280.087478297087,
                246.51016330682546,
                197.00629115314672,
                271.81728154733804,
                35.49521521658835,
                0.0,
                278.10298929323585,
                235.03698715671942,
                40.3029264020229
            ],
            [
                81.75172894019069,
                119.89745379372278,
                96.37011152433485,
                61.79925028969726,
                61.933951094521795,
                128.0214763244539,
                54.30928000753146,
                301.28013933196706,
                278.10298929323585,
                0.0,
