{
    "cm": [
        [
            "any3",
            [
                [
                    [
                        "m0",
                        "../../stable-diffusion-webui/tmp/SD1/any3/ACertainModel.ckpt"
                    ],
                    [
                        "m1",
                        "../../stable-diffusion-webui/tmp/SD1/any3/ACertainThing.ckpt"
                    ]
                ],
                [
                    [
                        "m0",
                        "../../stable-diffusion-webui/tmp/SD1/any3/ACertainModel.ckpt"
                    ],
                    [
                        "m2",
                        "../../stable-diffusion-webui/tmp/SD1/any3/ACertainty.ckpt"
                    ]
                ],
                [
                    [
                        "m0",
                        "../../stable-diffusion-webui/tmp/SD1/any3/ACertainModel.ckpt"
                    ],
                    [
                        "m3",
                        "../../stable-diffusion-webui/tmp/SD1/any3/animefull-final-pruned.ckpt"
                    ]
                ],
                [
                    [
                        "m0",
                        "../../stable-diffusion-webui/tmp/SD1/any3/ACertainModel.ckpt"
                    ],
                    [
                        "m4",
                        "../../stable-diffusion-webui/tmp/SD1/any3/Anything-V3.0-pruned-fp32.ckpt"
                    ]
                ],
                [
                    [
                        "m0",
                        "../../stable-diffusion-webui/tmp/SD1/any3/ACertainModel.ckpt"
                    ],
                    [
                        "m5",
                        "../../stable-diffusion-webui/tmp/SD1/any3/anything-v4.0-pruned.safetensors"
                    ]
                ],
                [
                    [
                        "m0",
                        "../../stable-diffusion-webui/tmp/SD1/any3/ACertainModel.ckpt"
                    ],
                    [
                        "m6",
                        "../../stable-diffusion-webui/tmp/SD1/any3/anything-v4.5-pruned.safetensors"
                    ]
                ],
                [
                    [
                        "m0",
                        "../../stable-diffusion-webui/tmp/SD1/any3/ACertainModel.ckpt"
                    ],
                    [
                        "m7",
                        "../../stable-diffusion-webui/tmp/SD1/any3/momoko-e.ckpt"
                    ]
                ],
                [
                    [
                        "m1",
                        "../../stable-diffusion-webui/tmp/SD1/any3/ACertainThing.ckpt"
                    ],
                    [
                        "m2",
                        "../../stable-diffusion-webui/tmp/SD1/any3/ACertainty.ckpt"
                    ]
                ],
                [
                    [
                        "m1",
                        "../../stable-diffusion-webui/tmp/SD1/any3/ACertainThing.ckpt"
                    ],
                    [
                        "m3",
                        "../../stable-diffusion-webui/tmp/SD1/any3/animefull-final-pruned.ckpt"
                    ]
                ],
                [
                    [
                        "m1",
                        "../../stable-diffusion-webui/tmp/SD1/any3/ACertainThing.ckpt"
                    ],
                    [
                        "m4",
                        "../../stable-diffusion-webui/tmp/SD1/any3/Anything-V3.0-pruned-fp32.ckpt"
                    ]
                ],
                [
                    [
                        "m1",
                        "../../stable-diffusion-webui/tmp/SD1/any3/ACertainThing.ckpt"
                    ],
                    [
                        "m5",
                        "../../stable-diffusion-webui/tmp/SD1/any3/anything-v4.0-pruned.safetensors"
                    ]
                ],
                [
                    [
                        "m1",
                        "../../stable-diffusion-webui/tmp/SD1/any3/ACertainThing.ckpt"
                    ],
                    [
                        "m6",
                        "../../stable-diffusion-webui/tmp/SD1/any3/anything-v4.5-pruned.safetensors"
                    ]
                ],
                [
                    [
                        "m1",
                        "../../stable-diffusion-webui/tmp/SD1/any3/ACertainThing.ckpt"
                    ],
                    [
                        "m7",
                        "../../stable-diffusion-webui/tmp/SD1/any3/momoko-e.ckpt"
                    ]
                ],
                [
                    [
                        "m2",
                        "../../stable-diffusion-webui/tmp/SD1/any3/ACertainty.ckpt"
                    ],
                    [
                        "m3",
                        "../../stable-diffusion-webui/tmp/SD1/any3/animefull-final-pruned.ckpt"
                    ]
                ],
                [
                    [
                        "m2",
                        "../../stable-diffusion-webui/tmp/SD1/any3/ACertainty.ckpt"
                    ],
                    [
                        "m4",
                        "../../stable-diffusion-webui/tmp/SD1/any3/Anything-V3.0-pruned-fp32.ckpt"
                    ]
                ],
                [
                    [
                        "m2",
                        "../../stable-diffusion-webui/tmp/SD1/any3/ACertainty.ckpt"
                    ],
                    [
                        "m5",
                        "../../stable-diffusion-webui/tmp/SD1/any3/anything-v4.0-pruned.safetensors"
                    ]
                ],
                [
                    [
                        "m2",
                        "../../stable-diffusion-webui/tmp/SD1/any3/ACertainty.ckpt"
                    ],
                    [
                        "m6",
                        "../../stable-diffusion-webui/tmp/SD1/any3/anything-v4.5-pruned.safetensors"
                    ]
                ],
                [
                    [
                        "m2",
                        "../../stable-diffusion-webui/tmp/SD1/any3/ACertainty.ckpt"
                    ],
                    [
                        "m7",
                        "../../stable-diffusion-webui/tmp/SD1/any3/momoko-e.ckpt"
                    ]
                ],
                [
                    [
                        "m3",
                        "../../stable-diffusion-webui/tmp/SD1/any3/animefull-final-pruned.ckpt"
                    ],
                    [
                        "m4",
                        "../../stable-diffusion-webui/tmp/SD1/any3/Anything-V3.0-pruned-fp32.ckpt"
                    ]
                ],
                [
                    [
                        "m3",
                        "../../stable-diffusion-webui/tmp/SD1/any3/animefull-final-pruned.ckpt"
                    ],
                    [
                        "m5",
                        "../../stable-diffusion-webui/tmp/SD1/any3/anything-v4.0-pruned.safetensors"
                    ]
                ],
                [
                    [
                        "m3",
                        "../../stable-diffusion-webui/tmp/SD1/any3/animefull-final-pruned.ckpt"
                    ],
                    [
                        "m6",
                        "../../stable-diffusion-webui/tmp/SD1/any3/anything-v4.5-pruned.safetensors"
                    ]
                ],
                [
                    [
                        "m3",
                        "../../stable-diffusion-webui/tmp/SD1/any3/animefull-final-pruned.ckpt"
                    ],
                    [
                        "m7",
                        "../../stable-diffusion-webui/tmp/SD1/any3/momoko-e.ckpt"
                    ]
                ],
                [
                    [
                        "m4",
                        "../../stable-diffusion-webui/tmp/SD1/any3/Anything-V3.0-pruned-fp32.ckpt"
                    ],
                    [
                        "m5",
                        "../../stable-diffusion-webui/tmp/SD1/any3/anything-v4.0-pruned.safetensors"
                    ]
                ],
                [
                    [
                        "m4",
                        "../../stable-diffusion-webui/tmp/SD1/any3/Anything-V3.0-pruned-fp32.ckpt"
                    ],
                    [
                        "m6",
                        "../../stable-diffusion-webui/tmp/SD1/any3/anything-v4.5-pruned.safetensors"
                    ]
                ],
                [
                    [
                        "m4",
                        "../../stable-diffusion-webui/tmp/SD1/any3/Anything-V3.0-pruned-fp32.ckpt"
                    ],
                    [
                        "m7",
                        "../../stable-diffusion-webui/tmp/SD1/any3/momoko-e.ckpt"
                    ]
                ],
                [
                    [
                        "m5",
                        "../../stable-diffusion-webui/tmp/SD1/any3/anything-v4.0-pruned.safetensors"
                    ],
                    [
                        "m6",
                        "../../stable-diffusion-webui/tmp/SD1/any3/anything-v4.5-pruned.safetensors"
                    ]
                ],
                [
                    [
                        "m5",
                        "../../stable-diffusion-webui/tmp/SD1/any3/anything-v4.0-pruned.safetensors"
                    ],
                    [
                        "m7",
                        "../../stable-diffusion-webui/tmp/SD1/any3/momoko-e.ckpt"
                    ]
                ],
                [
                    [
                        "m6",
                        "../../stable-diffusion-webui/tmp/SD1/any3/anything-v4.5-pruned.safetensors"
                    ],
                    [
                        "m7",
                        "../../stable-diffusion-webui/tmp/SD1/any3/momoko-e.ckpt"
                    ]
                ]
            ]
        ]
    ],
    "dm": {
        "other": [
            [
                0.0,
                0.0,
                0.0,
                0.0,
                0.0,
                0.0,
                0.0,
                0.0
            ],
            [
                0.0,
                0.0,
                0.0,
                0.0,
                0.0,
                0.0,
                0.0,
                0.0
            ],
            [
                0.0,
                0.0,
                0.0,
                0.0,
                0.0,
                0.0,
                0.0,
                0.0
            ],
            [
                0.0,
                0.0,
                0.0,
                0.0,
                0.0,
                0.0,
                0.0,
                0.0
            ],
            [
                0.0,
                0.0,
                0.0,
                0.0,
                0.0,
                0.0,
                0.0,
                0.0
            ],
            [
                0.0,
                0.0,
                0.0,
                0.0,
                0.0,
                0.0,
                0.0,
                0.0
            ],
            [
                0.0,
                0.0,
                0.0,
                0.0,
                0.0,
                0.0,
                0.0,
                0.0
            ],
            [
                0.0,
                0.0,
                0.0,
                0.0,
                0.0,
                0.0,
                0.0,
                0.0
            ]
        ],
        "te": [
            [
                0.0,
                2.6540485151052953,
                2.4494898521768134,
                0.0,
                2.4554913884800698,
                2.4628601180238663,
                2.4631022703741845,
                2.4501981593251556
            ],
            [
                2.6540485151052953,
                0.0,
                3.6116624723267257,
                0.0,
                3.6001012325286865,
                3.6067136021787674,
                3.6136073224334115,
                3.6116705495884753
            ],
            [
                2.4494898521768134,
                3.6116624723267257,
                0.0,
                0.0,
                0.21183499603540068,
                0.27349483336169983,
                0.22820320394205032,
                0.05895429952263737
            ],
            [
                0.0,
                0.0,
                0.0,
                0.0,
                0.0,
                0.0,
                0.0,
                0.0
            ],
            [
                2.4554913884800698,
                3.6001012325286865,
                0.21183499603540068,
                0.0,
                0.0,
                0.18361131423998459,
                0.1285543895142117,
                0.21197266403203555
            ],
            [
                2.4628601180238663,
                3.6067136021787674,
                0.27349483336169983,
                0.0,
                0.18361131423998459,
                0.0,
                0.0654930529723945,
                0.26837619554994707
            ],
            [
                2.4631022703741845,
                3.6136073224334115,
                0.22820320394205032,
                0.0,
                0.1285543895142117,
                0.0654930529723945,
                0.0,
                0.22320564100571355
            ],
            [
                2.4501981593251556,
                3.6116705495884753,
                0.05895429952263737,
                0.0,
                0.21197266403203555,
                0.26837619554994707,
                0.22320564100571355,
                0.0
            ]
        ],
        "unet": [
            [
                0.0,
                29.67763542469309,
                0.04458273994174638,
                101.60703634464882,
                105.3757021311757,
                116.41087570505603,
                113.70688235223169,
                147.90095468280626
            ],
            [
                29.67763542469309,
                0.0,
                29.722215164150303,
                106.34824481311858,
                101.60614932008578,
                118.95100570873198,
                114.30384520799909,
                128.1389459610975
            ],
            [
                0.04458273994174638,
                29.722215164150303,
                0.0,
                101.606260493094,
                105.3875318032088,
                116.41269989250716,
                113.71180960514607,
                147.93313129172512
            ],
            [
                101.60703634464882,
                106.34824481311858,
                101.606260493094,
                0.0,
                29.840625872520818,
                40.01397405661647,
                36.76833271756552,
                109.29891450227723
            ],
            [
                105.3757021311757,
                101.60614932008578,
                105.3875318032088,
                29.840625872520818,
                0.0,
                45.77533410819212,
                37.236794228110035,
                79.76777143472029
            ],
            [
                116.41087570505603,
                118.95100570873198,
                116.41269989250716,
                40.01397405661647,
                45.77533410819212,
                0.0,
                12.532089499379648,
                110.39218604730915
            ],
            [
                113.70688235223169,
                114.30384520799909,
                113.71180960514607,
                36.76833271756552,
                37.236794228110035,
                12.532089499379648,
                0.0,
                101.1290773936583
            ],
            [
                147.90095468280626,
                128.1389459610975,
                147.93313129172512,
                109.29891450227723,
                79.76777143472029,
                110.39218604730915,
                101.1290773936583,
                0.0
            ]
        ],
        "vae": [
            [
                0.0,
                0.0,
                0.0,
                469.2050926216234,
                133.64068299444486,
                145.2942320157358,
                169.38830642481716,
                0.13145116812679747
            ],
            [
                0.0,
                0.0,
                0.0,
                469.2050926216234,
                133.64068299444486,
                145.2942320157358,
                169.38830642481716,
                0.13145116812679747
            ],
            [
                0.0,
                0.0,
                0.0,
                469.2050926216234,
                133.64068299444486,
                145.2942320157358,
                169.38830642481716,
                0.13145116812679747
            ],
            [
                469.2050926216234,
                469.2050926216234,
                469.2050926216234,
                0.0,
                335.5647198157825,
                323.9112620433365,
                299.8171603211127,
                469.2046016097865
            ],
            [
                133.64068299444486,
                133.64068299444486,
                133.64068299444486,
                335.5647198157825,
                0.0,
                11.65404383882882,
                35.74775219474098,
                133.64029611507712
            ],
            [
                145.2942320157358,
                145.2942320157358,
                145.2942320157358,
                323.9112620433365,
                11.65404383882882,
                0.0,
                24.094084943948996,
                145.2944347878773
            ],
            [
                169.38830642481716,
                169.38830642481716,
                169.38830642481716,
                299.8171603211127,
                35.74775219474098,
                24.094084943948996,
                0.0,
                169.38791625423505
            ],
            [
                0.13145116812679747,
                0.13145116812679747,
                0.13145116812679747,
                469.2046016097865,
                133.64029611507712,
                145.2944347878773,
                169.38791625423505,
                0.0
            ]
        ]
    },
    "ml": [
        "ACertainModel.ckpt",
        "ACertainThing.ckpt",
        "ACertainty.ckpt",
        "animefull-final-pruned.ckpt",
        "Anything-V3.0-pruned-fp32.ckpt",
        "anything-v4.0-pruned.safetensors",
        "anything-v4.5-pruned.safetensors",
        "momoko-e.ckpt"
    ]
}