{
    "cm": [
        [
            "dgmla2b",
            [
                [
                    [
                        "m0",
                        "F:/NOVELAI/astolfo_mix/sdxl/tmp/x116a-AstolfoMix-24060702-01823a9.safetensors"
                    ],
                    [
                        "m1",
                        "F:/NOVELAI/astolfo_mix/sdxl/tmp/x132a-AstolfoMix-24062201-da76cda.safetensors"
                    ]
                ],
                [
                    [
                        "m0",
                        "F:/NOVELAI/astolfo_mix/sdxl/tmp/x116a-AstolfoMix-24060702-01823a9.safetensors"
                    ],
                    [
                        "m2",
                        "F:/NOVELAI/astolfo_mix/sdxl/tmp/x191a-AstolfoMix-24083001-3360d18.safetensors"
                    ]
                ],
                [
                    [
                        "m0",
                        "F:/NOVELAI/astolfo_mix/sdxl/tmp/x116a-AstolfoMix-24060702-01823a9.safetensors"
                    ],
                    [
                        "m3",
                        "F:/NOVELAI/astolfo_mix/sdxl/tmp/x191a-AstolfoMix-24100201-6e545a3.safetensors"
                    ]
                ],
                [
                    [
                        "m0",
                        "F:/NOVELAI/astolfo_mix/sdxl/tmp/x116a-AstolfoMix-24060702-01823a9.safetensors"
                    ],
                    [
                        "m4",
                        "F:/NOVELAI/astolfo_mix/sdxl/tmp/x19a-AstolfoMix-24100601-6e545a3.safetensors"
                    ]
                ],
                [
                    [
                        "m0",
                        "F:/NOVELAI/astolfo_mix/sdxl/tmp/x116a-AstolfoMix-24060702-01823a9.safetensors"
                    ],
                    [
                        "m5",
                        "F:/NOVELAI/astolfo_mix/sdxl/tmp/x19a-AstolfoMix-24100602-6e545a3.safetensors"
                    ]
                ],
                [
                    [
                        "m0",
                        "F:/NOVELAI/astolfo_mix/sdxl/tmp/x116a-AstolfoMix-24060702-01823a9.safetensors"
                    ],
                    [
                        "m6",
                        "F:/NOVELAI/astolfo_mix/sdxl/tmp/x19a-AstolfoMix-24100603-6e545a3.safetensors"
                    ]
                ],
                [
                    [
                        "m0",
                        "F:/NOVELAI/astolfo_mix/sdxl/tmp/x116a-AstolfoMix-24060702-01823a9.safetensors"
                    ],
                    [
                        "m7",
                        "F:/NOVELAI/astolfo_mix/sdxl/tmp/x19a-AstolfoMix-24100604-6e545a3.safetensors"
                    ]
                ],
                [
                    [
                        "m0",
                        "F:/NOVELAI/astolfo_mix/sdxl/tmp/x116a-AstolfoMix-24060702-01823a9.safetensors"
                    ],
                    [
                        "m8",
                        "F:/NOVELAI/astolfo_mix/sdxl/tmp/x215a-AstolfoMix-24101101-6e545a3.safetensors"
                    ]
                ],
                [
                    [
                        "m0",
                        "F:/NOVELAI/astolfo_mix/sdxl/tmp/x116a-AstolfoMix-24060702-01823a9.safetensors"
                    ],
                    [
                        "m9",
                        "F:/NOVELAI/astolfo_mix/sdxl/tmp/x215b-AstolfoMix-24101301-29bac1a.safetensors"
                    ]
                ],
                [
                    [
                        "m1",
                        "F:/NOVELAI/astolfo_mix/sdxl/tmp/x132a-AstolfoMix-24062201-da76cda.safetensors"
                    ],
                    [
                        "m2",
                        "F:/NOVELAI/astolfo_mix/sdxl/tmp/x191a-AstolfoMix-24083001-3360d18.safetensors"
                    ]
                ],
                [
                    [
                        "m1",
                        "F:/NOVELAI/astolfo_mix/sdxl/tmp/x132a-AstolfoMix-24062201-da76cda.safetensors"
                    ],
                    [
                        "m3",
                        "F:/NOVELAI/astolfo_mix/sdxl/tmp/x191a-AstolfoMix-24100201-6e545a3.safetensors"
                    ]
                ],
                [
                    [
                        "m1",
                        "F:/NOVELAI/astolfo_mix/sdxl/tmp/x132a-AstolfoMix-24062201-da76cda.safetensors"
                    ],
                    [
                        "m4",
                        "F:/NOVELAI/astolfo_mix/sdxl/tmp/x19a-AstolfoMix-24100601-6e545a3.safetensors"
                    ]
                ],
                [
                    [
                        "m1",
                        "F:/NOVELAI/astolfo_mix/sdxl/tmp/x132a-AstolfoMix-24062201-da76cda.safetensors"
                    ],
                    [
                        "m5",
                        "F:/NOVELAI/astolfo_mix/sdxl/tmp/x19a-AstolfoMix-24100602-6e545a3.safetensors"
                    ]
                ],
                [
                    [
                        "m1",
                        "F:/NOVELAI/astolfo_mix/sdxl/tmp/x132a-AstolfoMix-24062201-da76cda.safetensors"
                    ],
                    [
                        "m6",
                        "F:/NOVELAI/astolfo_mix/sdxl/tmp/x19a-AstolfoMix-24100603-6e545a3.safetensors"
                    ]
                ],
                [
                    [
                        "m1",
                        "F:/NOVELAI/astolfo_mix/sdxl/tmp/x132a-AstolfoMix-24062201-da76cda.safetensors"
                    ],
                    [
                        "m7",
                        "F:/NOVELAI/astolfo_mix/sdxl/tmp/x19a-AstolfoMix-24100604-6e545a3.safetensors"
                    ]
                ],
                [
                    [
                        "m1",
                        "F:/NOVELAI/astolfo_mix/sdxl/tmp/x132a-AstolfoMix-24062201-da76cda.safetensors"
                    ],
                    [
                        "m8",
                        "F:/NOVELAI/astolfo_mix/sdxl/tmp/x215a-AstolfoMix-24101101-6e545a3.safetensors"
                    ]
                ],
                [
                    [
                        "m1",
                        "F:/NOVELAI/astolfo_mix/sdxl/tmp/x132a-AstolfoMix-24062201-da76cda.safetensors"
                    ],
                    [
                        "m9",
                        "F:/NOVELAI/astolfo_mix/sdxl/tmp/x215b-AstolfoMix-24101301-29bac1a.safetensors"
                    ]
                ],
                [
                    [
                        "m2",
                        "F:/NOVELAI/astolfo_mix/sdxl/tmp/x191a-AstolfoMix-24083001-3360d18.safetensors"
                    ],
                    [
                        "m3",
                        "F:/NOVELAI/astolfo_mix/sdxl/tmp/x191a-AstolfoMix-24100201-6e545a3.safetensors"
                    ]
                ],
                [
                    [
                        "m2",
                        "F:/NOVELAI/astolfo_mix/sdxl/tmp/x191a-AstolfoMix-24083001-3360d18.safetensors"
                    ],
                    [
                        "m4",
                        "F:/NOVELAI/astolfo_mix/sdxl/tmp/x19a-AstolfoMix-24100601-6e545a3.safetensors"
                    ]
                ],
                [
                    [
                        "m2",
                        "F:/NOVELAI/astolfo_mix/sdxl/tmp/x191a-AstolfoMix-24083001-3360d18.safetensors"
                    ],
                    [
                        "m5",
                        "F:/NOVELAI/astolfo_mix/sdxl/tmp/x19a-AstolfoMix-24100602-6e545a3.safetensors"
                    ]
                ],
                [
                    [
                        "m2",
                        "F:/NOVELAI/astolfo_mix/sdxl/tmp/x191a-AstolfoMix-24083001-3360d18.safetensors"
                    ],
                    [
                        "m6",
                        "F:/NOVELAI/astolfo_mix/sdxl/tmp/x19a-AstolfoMix-24100603-6e545a3.safetensors"
                    ]
                ],
                [
                    [
                        "m2",
                        "F:/NOVELAI/astolfo_mix/sdxl/tmp/x191a-AstolfoMix-24083001-3360d18.safetensors"
                    ],
                    [
                        "m7",
                        "F:/NOVELAI/astolfo_mix/sdxl/tmp/x19a-AstolfoMix-24100604-6e545a3.safetensors"
                    ]
                ],
                [
                    [
                        "m2",
                        "F:/NOVELAI/astolfo_mix/sdxl/tmp/x191a-AstolfoMix-24083001-3360d18.safetensors"
                    ],
                    [
                        "m8",
                        "F:/NOVELAI/astolfo_mix/sdxl/tmp/x215a-AstolfoMix-24101101-6e545a3.safetensors"
                    ]
                ],
                [
                    [
                        "m2",
                        "F:/NOVELAI/astolfo_mix/sdxl/tmp/x191a-AstolfoMix-24083001-3360d18.safetensors"
                    ],
                    [
                        "m9",
                        "F:/NOVELAI/astolfo_mix/sdxl/tmp/x215b-AstolfoMix-24101301-29bac1a.safetensors"
                    ]
                ],
                [
                    [
                        "m3",
                        "F:/NOVELAI/astolfo_mix/sdxl/tmp/x191a-AstolfoMix-24100201-6e545a3.safetensors"
                    ],
                    [
                        "m4",
                        "F:/NOVELAI/astolfo_mix/sdxl/tmp/x19a-AstolfoMix-24100601-6e545a3.safetensors"
                    ]
                ],
                [
                    [
                        "m3",
                        "F:/NOVELAI/astolfo_mix/sdxl/tmp/x191a-AstolfoMix-24100201-6e545a3.safetensors"
                    ],
                    [
                        "m5",
                        "F:/NOVELAI/astolfo_mix/sdxl/tmp/x19a-AstolfoMix-24100602-6e545a3.safetensors"
                    ]
                ],
                [
                    [
                        "m3",
                        "F:/NOVELAI/astolfo_mix/sdxl/tmp/x191a-AstolfoMix-24100201-6e545a3.safetensors"
                    ],
                    [
                        "m6",
                        "F:/NOVELAI/astolfo_mix/sdxl/tmp/x19a-AstolfoMix-24100603-6e545a3.safetensors"
                    ]
                ],
                [
                    [
                        "m3",
                        "F:/NOVELAI/astolfo_mix/sdxl/tmp/x191a-AstolfoMix-24100201-6e545a3.safetensors"
                    ],
                    [
                        "m7",
                        "F:/NOVELAI/astolfo_mix/sdxl/tmp/x19a-AstolfoMix-24100604-6e545a3.safetensors"
                    ]
                ],
                [
                    [
                        "m3",
                        "F:/NOVELAI/astolfo_mix/sdxl/tmp/x191a-AstolfoMix-24100201-6e545a3.safetensors"
                    ],
                    [
                        "m8",
                        "F:/NOVELAI/astolfo_mix/sdxl/tmp/x215a-AstolfoMix-24101101-6e545a3.safetensors"
                    ]
                ],
                [
                    [
                        "m3",
                        "F:/NOVELAI/astolfo_mix/sdxl/tmp/x191a-AstolfoMix-24100201-6e545a3.safetensors"
                    ],
                    [
                        "m9",
                        "F:/NOVELAI/astolfo_mix/sdxl/tmp/x215b-AstolfoMix-24101301-29bac1a.safetensors"
                    ]
                ],
                [
                    [
                        "m4",
                        "F:/NOVELAI/astolfo_mix/sdxl/tmp/x19a-AstolfoMix-24100601-6e545a3.safetensors"
                    ],
                    [
                        "m5",
                        "F:/NOVELAI/astolfo_mix/sdxl/tmp/x19a-AstolfoMix-24100602-6e545a3.safetensors"
                    ]
                ],
                [
                    [
                        "m4",
                        "F:/NOVELAI/astolfo_mix/sdxl/tmp/x19a-AstolfoMix-24100601-6e545a3.safetensors"
                    ],
                    [
                        "m6",
                        "F:/NOVELAI/astolfo_mix/sdxl/tmp/x19a-AstolfoMix-24100603-6e545a3.safetensors"
                    ]
                ],
                [
                    [
                        "m4",
                        "F:/NOVELAI/astolfo_mix/sdxl/tmp/x19a-AstolfoMix-24100601-6e545a3.safetensors"
                    ],
                    [
                        "m7",
                        "F:/NOVELAI/astolfo_mix/sdxl/tmp/x19a-AstolfoMix-24100604-6e545a3.safetensors"
                    ]
                ],
                [
                    [
                        "m4",
                        "F:/NOVELAI/astolfo_mix/sdxl/tmp/x19a-AstolfoMix-24100601-6e545a3.safetensors"
                    ],
                    [
                        "m8",
                        "F:/NOVELAI/astolfo_mix/sdxl/tmp/x215a-AstolfoMix-24101101-6e545a3.safetensors"
                    ]
                ],
                [
                    [
                        "m4",
                        "F:/NOVELAI/astolfo_mix/sdxl/tmp/x19a-AstolfoMix-24100601-6e545a3.safetensors"
                    ],
                    [
                        "m9",
                        "F:/NOVELAI/astolfo_mix/sdxl/tmp/x215b-AstolfoMix-24101301-29bac1a.safetensors"
                    ]
                ],
                [
                    [
                        "m5",
                        "F:/NOVELAI/astolfo_mix/sdxl/tmp/x19a-AstolfoMix-24100602-6e545a3.safetensors"
                    ],
                    [
                        "m6",
                        "F:/NOVELAI/astolfo_mix/sdxl/tmp/x19a-AstolfoMix-24100603-6e545a3.safetensors"
                    ]
                ],
                [
                    [
                        "m5",
                        "F:/NOVELAI/astolfo_mix/sdxl/tmp/x19a-AstolfoMix-24100602-6e545a3.safetensors"
                    ],
                    [
                        "m7",
                        "F:/NOVELAI/astolfo_mix/sdxl/tmp/x19a-AstolfoMix-24100604-6e545a3.safetensors"
                    ]
                ],
                [
                    [
                        "m5",
                        "F:/NOVELAI/astolfo_mix/sdxl/tmp/x19a-AstolfoMix-24100602-6e545a3.safetensors"
                    ],
                    [
                        "m8",
                        "F:/NOVELAI/astolfo_mix/sdxl/tmp/x215a-AstolfoMix-24101101-6e545a3.safetensors"
                    ]
                ],
                [
                    [
                        "m5",
                        "F:/NOVELAI/astolfo_mix/sdxl/tmp/x19a-AstolfoMix-24100602-6e545a3.safetensors"
                    ],
                    [
                        "m9",
                        "F:/NOVELAI/astolfo_mix/sdxl/tmp/x215b-AstolfoMix-24101301-29bac1a.safetensors"
                    ]
                ],
                [
                    [
                        "m6",
                        "F:/NOVELAI/astolfo_mix/sdxl/tmp/x19a-AstolfoMix-24100603-6e545a3.safetensors"
                    ],
                    [
                        "m7",
                        "F:/NOVELAI/astolfo_mix/sdxl/tmp/x19a-AstolfoMix-24100604-6e545a3.safetensors"
                    ]
                ],
                [
                    [
                        "m6",
                        "F:/NOVELAI/astolfo_mix/sdxl/tmp/x19a-AstolfoMix-24100603-6e545a3.safetensors"
                    ],
                    [
                        "m8",
                        "F:/NOVELAI/astolfo_mix/sdxl/tmp/x215a-AstolfoMix-24101101-6e545a3.safetensors"
                    ]
                ],
                [
                    [
                        "m6",
                        "F:/NOVELAI/astolfo_mix/sdxl/tmp/x19a-AstolfoMix-24100603-6e545a3.safetensors"
                    ],
                    [
                        "m9",
                        "F:/NOVELAI/astolfo_mix/sdxl/tmp/x215b-AstolfoMix-24101301-29bac1a.safetensors"
                    ]
                ],
                [
                    [
                        "m7",
                        "F:/NOVELAI/astolfo_mix/sdxl/tmp/x19a-AstolfoMix-24100604-6e545a3.safetensors"
                    ],
                    [
                        "m8",
                        "F:/NOVELAI/astolfo_mix/sdxl/tmp/x215a-AstolfoMix-24101101-6e545a3.safetensors"
                    ]
                ],
                [
                    [
                        "m7",
                        "F:/NOVELAI/astolfo_mix/sdxl/tmp/x19a-AstolfoMix-24100604-6e545a3.safetensors"
                    ],
                    [
                        "m9",
                        "F:/NOVELAI/astolfo_mix/sdxl/tmp/x215b-AstolfoMix-24101301-29bac1a.safetensors"
                    ]
                ],
                [
                    [
                        "m8",
                        "F:/NOVELAI/astolfo_mix/sdxl/tmp/x215a-AstolfoMix-24101101-6e545a3.safetensors"
                    ],
                    [
                        "m9",
                        "F:/NOVELAI/astolfo_mix/sdxl/tmp/x215b-AstolfoMix-24101301-29bac1a.safetensors"
                    ]
                ]
            ]
        ]
    ],
    "dm": {
        "other": [
            [
                0.0,
                0.0,
                0.0,
                0.0,
                0.0,
                0.0,
                0.0,
                0.0,
                0.0,
                0.0
            ],
            [
                0.0,
                0.0,
                0.0,
                0.0,
                0.0,
                0.0,
                0.0,
                0.0,
                0.0,
                0.0
            ],
            [
                0.0,
                0.0,
                0.0,
                0.0,
                0.0,
                0.0,
                0.0,
                0.0,
                0.0,
                0.0
            ],
            [
                0.0,
                0.0,
                0.0,
                0.0,
                0.0,
                0.0,
                0.0,
                0.0,
                0.0,
                0.0
            ],
            [
                0.0,
                0.0,
                0.0,
                0.0,
                0.0,
                0.0,
                0.0,
                0.0,
                0.0,
                0.0
            ],
            [
                0.0,
                0.0,
                0.0,
                0.0,
                0.0,
                0.0,
                0.0,
                0.0,
                0.0,
                0.0
            ],
            [
                0.0,
                0.0,
                0.0,
                0.0,
                0.0,
                0.0,
                0.0,
                0.0,
                0.0,
                0.0
            ],
            [
                0.0,
                0.0,
                0.0,
                0.0,
                0.0,
                0.0,
                0.0,
                0.0,
                0.0,
                0.0
            ],
            [
                0.0,
                0.0,
                0.0,
                0.0,
                0.0,
                0.0,
                0.0,
                0.0,
                0.0,
                0.0
            ],
            [
                0.0,
                0.0,
                0.0,
                0.0,
                0.0,
                0.0,
                0.0,
                0.0,
                0.0,
                0.0
            ]
        ],
        "te": [
            [
                0.0,
                0.0,
                0.0,
                0.0,
                0.0,
                0.0,
                0.0,
                0.0,
                0.0,
                0.0
            ],
            [
                0.0,
                0.0,
                0.0,
                0.0,
                0.0,
                0.0,
                0.0,
                0.0,
                0.0,
                0.0
            ],
            [
                0.0,
                0.0,
                0.0,
                0.0,
                0.0,
                0.0,
                0.0,
                0.0,
                0.0,
                0.0
            ],
            [
                0.0,
                0.0,
                0.0,
                0.0,
                0.0,
                0.0,
                0.0,
                0.0,
                0.0,
                0.0
            ],
            [
                0.0,
                0.0,
                0.0,
                0.0,
                0.0,
                0.0,
                0.0,
                0.0,
                0.0,
                0.0
            ],
            [
                0.0,
                0.0,
                0.0,
                0.0,
                0.0,
                0.0,
                0.0,
                0.0,
                0.0,
                0.0
            ],
            [
                0.0,
                0.0,
                0.0,
                0.0,
                0.0,
                0.0,
                0.0,
                0.0,
                0.0,
                0.0
            ],
            [
                0.0,
                0.0,
                0.0,
                0.0,
                0.0,
                0.0,
                0.0,
                0.0,
                0.0,
                0.0
            ],
            [
                0.0,
                0.0,
                0.0,
                0.0,
                0.0,
                0.0,
                0.0,
                0.0,
                0.0,
                0.0
            ],
            [
                0.0,
                0.0,
                0.0,
                0.0,
                0.0,
                0.0,
                0.0,
                0.0,
                0.0,
                0.0
            ]
        ],
        "te0": [
            [
                0.0,
                1.1750506162643433,
                3.8504433631896973,
                3.71779465675354,
                3.0503668785095215,
                2.3547706604003906,
                3.2487294673919678,
                2.9622201919555664,
                3.824242353439331,
                3.831770896911621
            ],
            [
                1.1750506162643433,
                0.0,
                3.54580020904541,
                3.4092042446136475,
                3.234463930130005,
                2.5155532360076904,
                3.4312031269073486,
                3.1471517086029053,
                3.5535426139831543,
                3.5618185997009277
            ],
            [
                3.8504433631896973,
                3.54580020904541,
                0.0,
                1.4654895067214966,
                4.371930122375488,
                4.852903842926025,
                4.420001983642578,
                4.359226703643799,
                2.449838399887085,
                2.4600448608398438
            ],
            [
                3.71779465675354,
                3.4092042446136475,
                1.4654895067214966,
                0.0,
                4.30661678314209,
                4.702305793762207,
                4.368739128112793,
                4.28692626953125,
                2.422405481338501,
                2.432873487472534
            ],
            [
                3.0503668785095215,
                3.234463930130005,
                4.371930122375488,
                4.30661678314209,
                0.0,
                3.045790195465088,
                0.832164466381073,
                0.5619043111801147,
                4.493379592895508,
                4.499606132507324
            ],
            [
                2.3547706604003906,
                2.5155532360076904,
                4.852903842926025,
                4.702305793762207,
                3.045790195465088,
                0.0,
                3.354052782058716,
                2.897700548171997,
                4.829374313354492,
                4.835559368133545
            ],
            [
                3.2487294673919678,
                3.4312031269073486,
                4.420001983642578,
                4.368739128112793,
                0.832164466381073,
                3.354052782058716,
                0.0,
                1.0425703525543213,
                4.557181358337402,
                4.563331604003906
            ],
            [
                2.9622201919555664,
                3.1471517086029053,
                4.359226703643799,
                4.28692626953125,
                0.5619043111801147,
                2.897700548171997,
                1.0425703525543213,
                0.0,
                4.472520351409912,
                4.47869348526001
            ],
            [
                3.824242353439331,
                3.5535426139831543,
                2.449838399887085,
                2.422405481338501,
                4.493379592895508,
                4.829374313354492,
                4.557181358337402,
                4.472520351409912,
                0.0,
                0.24508380889892578
            ],
            [
                3.831770896911621,
                3.5618185997009277,
                2.4600448608398438,
                2.432873487472534,
                4.499606132507324,
                4.835559368133545,
                4.563331604003906,
                4.47869348526001,
                0.24508380889892578,
                0.0
            ]
        ],
        "te1": [
            [
                0.0,
                3.487091064453125,
                9.915270805358887,
                9.573164939880371,
                8.636648178100586,
                7.069404125213623,
                9.262937545776367,
                8.363505363464355,
                10.306190490722656,
                14.153759956359863
            ],
            [
                3.487091064453125,
                0.0,
                8.992378234863281,
                8.63631534576416,
                9.22437572479248,
                7.4925618171691895,
                9.845242500305176,
                8.952621459960938,
                9.487846374511719,
                14.269302368164062
            ],
            [
                9.915270805358887,
                8.992378234863281,
                0.0,
                4.077670574188232,
                12.188456535339355,
                13.339651107788086,
                12.407136917114258,
                12.116440773010254,
                6.788559913635254,
                20.31332015991211
            ],
            [
                9.573164939880371,
                8.63631534576416,
                4.077670574188232,
                0.0,
                12.055696487426758,
                12.934106826782227,
                12.318521499633789,
                11.961926460266113,
                6.719861030578613,
                19.830530166625977
            ],
            [
                8.636648178100586,
                9.22437572479248,
                12.188456535339355,
                12.055696487426758,
                0.0,
                9.280485153198242,
                2.498936176300049,
                1.6965583562850952,
                12.760498046875,
                18.933534622192383
            ],
            [
                7.069404125213623,
                7.4925618171691895,
                13.339651107788086,
                12.934106826782227,
                9.280485153198242,
                0.0,
                10.228151321411133,
                8.827146530151367,
                13.557220458984375,
                11.325579643249512
            ],
            [
                9.262937545776367,
                9.845242500305176,
                12.407136917114258,
                12.318521499633789,
                2.498936176300049,
                10.228151321411133,
                0.0,
                3.138326644897461,
                13.017313957214355,
                19.832534790039062
            ],
            [
                8.363505363464355,
                8.952621459960938,
                12.116440773010254,
                11.961926460266113,
                1.6965583562850952,
                8.827146530151367,
                3.138326644897461,
                0.0,
                12.668562889099121,
                18.501956939697266
            ],
            [
                10.306190490722656,
                9.487846374511719,
                6.788559913635254,
                6.719861030578613,
                12.760498046875,
                13.557220458984375,
                13.017313957214355,
                12.668562889099121,
                0.0,
                20.228302001953125
            ],
            [
                14.153759956359863,
                14.269302368164062,
                20.31332015991211,
                19.830530166625977,
                18.933534622192383,
                11.325579643249512,
                19.832534790039062,
                18.501956939697266,
                20.228302001953125,
                0.0
            ]
        ],
        "unet": [
            [
                0.0,
                17.29806900024414,
                47.1806755065918,
                45.79378128051758,
                36.12397766113281,
                42.8924674987793,
                38.0026969909668,
                35.455596923828125,
                52.23626708984375,
                52.24476623535156
            ],
            [
                17.29806900024414,
                0.0,
                42.634498596191406,
                41.11793899536133,
                38.600196838378906,
                43.32697677612305,
                40.6166877746582,
                37.84857940673828,
                48.03936004638672,
                48.04846954345703
            ],
            [
                47.1806755065918,
                42.634498596191406,
                0.0,
                18.839733123779297,
                55.64726638793945,
                68.36825561523438,
                55.837249755859375,
                55.7512092590332,
                31.74289894104004,
                31.75526237487793
            ],
            [
                45.79378128051758,
                41.11793899536133,
                18.839733123779297,
                0.0,
                54.917606353759766,
                66.23522186279297,
                55.36066436767578,
                54.8996467590332,
                31.78347396850586,
                31.795894622802734
            ],
            [
                36.12397766113281,
                38.600196838378906,
                55.64726638793945,
                54.917606353759766,
                0.0,
                46.41316604614258,
                11.624069213867188,
                7.831489562988281,
                59.9396858215332,
                59.94710159301758
            ],
            [
                42.8924674987793,
                43.32697677612305,
                68.36825561523438,
                66.23522186279297,
                46.41316604614258,
                0.0,
                51.21589660644531,
                44.10374069213867,
                72.04352569580078,
                72.0501708984375
            ],
            [
                38.0026969909668,
                40.6166877746582,
                55.837249755859375,
                55.36066436767578,
                11.624069213867188,
                51.21589660644531,
                0.0,
                14.730425834655762,
                60.18048095703125,
                60.18782424926758
            ],
            [
                35.455596923828125,
                37.84857940673828,
                55.7512092590332,
                54.8996467590332,
                7.831489562988281,
                44.10374069213867,
                14.730425834655762,
                0.0,
                60.006160736083984,
                60.01359939575195
            ],
            [
                52.23626708984375,
                48.03936004638672,
                31.74289894104004,
                31.78347396850586,
                59.9396858215332,
                72.04352569580078,
                60.18048095703125,
                60.006160736083984,
                0.0,
                0.871260941028595
            ],
            [
                52.24476623535156,
                48.04846954345703,
                31.75526237487793,
                31.795894622802734,
                59.94710159301758,
                72.0501708984375,
                60.18782424926758,
                60.01359939575195,
                0.871260941028595,
                0.0
            ]
        ],
        "vae": [
            [
                0.0,
                0.0,
                0.0,
                0.0,
                0.0,
                0.0,
                0.0,
                0.0,
                0.0,
                1.145367980003357
            ],
            [
                0.0,
                0.0,
                0.0,
                0.0,
                0.0,
                0.0,
                0.0,
                0.0,
                0.0,
                1.145367980003357
            ],
            [
                0.0,
                0.0,
                0.0,
                0.0,
                0.0,
                0.0,
                0.0,
                0.0,
                0.0,
                1.145367980003357
            ],
            [
                0.0,
                0.0,
                0.0,
                0.0,
                0.0,
                0.0,
                0.0,
                0.0,
                0.0,
                1.145367980003357
            ],
            [
                0.0,
                0.0,
                0.0,
                0.0,
                0.0,
                0.0,
                0.0,
                0.0,
                0.0,
                1.145367980003357
            ],
            [
                0.0,
                0.0,
                0.0,
                0.0,
                0.0,
                0.0,
                0.0,
                0.0,
                0.0,
                1.145367980003357
            ],
            [
                0.0,
                0.0,
                0.0,
                0.0,
                0.0,
                0.0,
                0.0,
                0.0,
                0.0,
                1.145367980003357
            ],
            [
                0.0,
                0.0,
                0.0,
                0.0,
                0.0,
                0.0,
                0.0,
                0.0,
                0.0,
                1.145367980003357
            ],
            [
                0.0,
                0.0,
                0.0,
                0.0,
                0.0,
                0.0,
                0.0,
                0.0,
                0.0,
                1.145367980003357
            ],
            [
                1.145367980003357,
                1.145367980003357,
                1.145367980003357,
                1.145367980003357,
                1.145367980003357,
                1.145367980003357,
                1.145367980003357,
                1.145367980003357,
                1.145367980003357,
                0.0
            ]
        ]
    },
    "ml": [
        "x116a-AstolfoMix-24060702-01823a9.safetensors",
        "x132a-AstolfoMix-24062201-da76cda.safetensors",
        "x191a-AstolfoMix-24083001-3360d18.safetensors",
        "x191a-AstolfoMix-24100201-6e545a3.safetensors",
        "x19a-AstolfoMix-24100601-6e545a3.safetensors",
        "x19a-AstolfoMix-24100602-6e545a3.safetensors",
        "x19a-AstolfoMix-24100603-6e545a3.safetensors",
        "x19a-AstolfoMix-24100604-6e545a3.safetensors",
        "x215a-AstolfoMix-24101101-6e545a3.safetensors",
        "x215b-AstolfoMix-24101301-29bac1a.safetensors"
    ]
}