{
    "cm": [
        [
            "nnai2",
            [
                [
                    [
                        "m0",
                        "../../stable-diffusion-webui/models/Stable-diffusion/nnai/ABPModel-ep99.safetensors"
                    ],
                    [
                        "m1",
                        "../../stable-diffusion-webui/models/Stable-diffusion/nnai/ACertainDraft.ckpt"
                    ]
                ],
                [
                    [
                        "m0",
                        "../../stable-diffusion-webui/models/Stable-diffusion/nnai/ABPModel-ep99.safetensors"
                    ],
                    [
                        "m2",
                        "../../stable-diffusion-webui/models/Stable-diffusion/nnai/ACertainty.ckpt"
                    ]
                ],
                [
                    [
                        "m0",
                        "../../stable-diffusion-webui/models/Stable-diffusion/nnai/ABPModel-ep99.safetensors"
                    ],
                    [
                        "m3",
                        "../../stable-diffusion-webui/models/Stable-diffusion/nnai/Basil_mix_fixed.safetensors"
                    ]
                ],
                [
                    [
                        "m0",
                        "../../stable-diffusion-webui/models/Stable-diffusion/nnai/ABPModel-ep99.safetensors"
                    ],
                    [
                        "m4",
                        "../../stable-diffusion-webui/models/Stable-diffusion/nnai/bastardAIImpossible_v4Liveaction.safetensors"
                    ]
                ],
                [
                    [
                        "m0",
                        "../../stable-diffusion-webui/models/Stable-diffusion/nnai/ABPModel-ep99.safetensors"
                    ],
                    [
                        "m5",
                        "../../stable-diffusion-webui/models/Stable-diffusion/nnai/dreamlike-photoreal-2.0.safetensors"
                    ]
                ],
                [
                    [
                        "m0",
                        "../../stable-diffusion-webui/models/Stable-diffusion/nnai/ABPModel-ep99.safetensors"
                    ],
                    [
                        "m6",
                        "../../stable-diffusion-webui/models/Stable-diffusion/nnai/Evt_V4_e10_ema.safetensors"
                    ]
                ],
                [
                    [
                        "m0",
                        "../../stable-diffusion-webui/models/Stable-diffusion/nnai/ABPModel-ep99.safetensors"
                    ],
                    [
                        "m7",
                        "../../stable-diffusion-webui/models/Stable-diffusion/nnai/GuoFeng3_Fix.ckpt"
                    ]
                ],
                [
                    [
                        "m0",
                        "../../stable-diffusion-webui/models/Stable-diffusion/nnai/ABPModel-ep99.safetensors"
                    ],
                    [
                        "m8",
                        "../../stable-diffusion-webui/models/Stable-diffusion/nnai/photorealistic-fuen-v1.ckpt"
                    ]
                ],
                [
                    [
                        "m0",
                        "../../stable-diffusion-webui/models/Stable-diffusion/nnai/ABPModel-ep99.safetensors"
                    ],
                    [
                        "m9",
                        "../../stable-diffusion-webui/models/Stable-diffusion/nnai/sd-v1-4.ckpt"
                    ]
                ],
                [
                    [
                        "m0",
                        "../../stable-diffusion-webui/models/Stable-diffusion/nnai/ABPModel-ep99.safetensors"
                    ],
                    [
                        "m10",
                        "../../stable-diffusion-webui/models/Stable-diffusion/nnai/yiffy-e18.ckpt"
                    ]
                ],
                [
                    [
                        "m1",
                        "../../stable-diffusion-webui/models/Stable-diffusion/nnai/ACertainDraft.ckpt"
                    ],
                    [
                        "m2",
                        "../../stable-diffusion-webui/models/Stable-diffusion/nnai/ACertainty.ckpt"
                    ]
                ],
                [
                    [
                        "m1",
                        "../../stable-diffusion-webui/models/Stable-diffusion/nnai/ACertainDraft.ckpt"
                    ],
                    [
                        "m3",
                        "../../stable-diffusion-webui/models/Stable-diffusion/nnai/Basil_mix_fixed.safetensors"
                    ]
                ],
                [
                    [
                        "m1",
                        "../../stable-diffusion-webui/models/Stable-diffusion/nnai/ACertainDraft.ckpt"
                    ],
                    [
                        "m4",
                        "../../stable-diffusion-webui/models/Stable-diffusion/nnai/bastardAIImpossible_v4Liveaction.safetensors"
                    ]
                ],
                [
                    [
                        "m1",
                        "../../stable-diffusion-webui/models/Stable-diffusion/nnai/ACertainDraft.ckpt"
                    ],
                    [
                        "m5",
                        "../../stable-diffusion-webui/models/Stable-diffusion/nnai/dreamlike-photoreal-2.0.safetensors"
                    ]
                ],
                [
                    [
                        "m1",
                        "../../stable-diffusion-webui/models/Stable-diffusion/nnai/ACertainDraft.ckpt"
                    ],
                    [
                        "m6",
                        "../../stable-diffusion-webui/models/Stable-diffusion/nnai/Evt_V4_e10_ema.safetensors"
                    ]
                ],
                [
                    [
                        "m1",
                        "../../stable-diffusion-webui/models/Stable-diffusion/nnai/ACertainDraft.ckpt"
                    ],
                    [
                        "m7",
                        "../../stable-diffusion-webui/models/Stable-diffusion/nnai/GuoFeng3_Fix.ckpt"
                    ]
                ],
                [
                    [
                        "m1",
                        "../../stable-diffusion-webui/models/Stable-diffusion/nnai/ACertainDraft.ckpt"
                    ],
                    [
                        "m8",
                        "../../stable-diffusion-webui/models/Stable-diffusion/nnai/photorealistic-fuen-v1.ckpt"
                    ]
                ],
                [
                    [
                        "m1",
                        "../../stable-diffusion-webui/models/Stable-diffusion/nnai/ACertainDraft.ckpt"
                    ],
                    [
                        "m9",
                        "../../stable-diffusion-webui/models/Stable-diffusion/nnai/sd-v1-4.ckpt"
                    ]
                ],
                [
                    [
                        "m1",
                        "../../stable-diffusion-webui/models/Stable-diffusion/nnai/ACertainDraft.ckpt"
                    ],
                    [
                        "m10",
                        "../../stable-diffusion-webui/models/Stable-diffusion/nnai/yiffy-e18.ckpt"
                    ]
                ],
                [
                    [
                        "m2",
                        "../../stable-diffusion-webui/models/Stable-diffusion/nnai/ACertainty.ckpt"
                    ],
                    [
                        "m3",
                        "../../stable-diffusion-webui/models/Stable-diffusion/nnai/Basil_mix_fixed.safetensors"
                    ]
                ],
                [
                    [
                        "m2",
                        "../../stable-diffusion-webui/models/Stable-diffusion/nnai/ACertainty.ckpt"
                    ],
                    [
                        "m4",
                        "../../stable-diffusion-webui/models/Stable-diffusion/nnai/bastardAIImpossible_v4Liveaction.safetensors"
                    ]
                ],
                [
                    [
                        "m2",
                        "../../stable-diffusion-webui/models/Stable-diffusion/nnai/ACertainty.ckpt"
                    ],
                    [
                        "m5",
                        "../../stable-diffusion-webui/models/Stable-diffusion/nnai/dreamlike-photoreal-2.0.safetensors"
                    ]
                ],
                [
                    [
                        "m2",
                        "../../stable-diffusion-webui/models/Stable-diffusion/nnai/ACertainty.ckpt"
                    ],
                    [
                        "m6",
                        "../../stable-diffusion-webui/models/Stable-diffusion/nnai/Evt_V4_e10_ema.safetensors"
                    ]
                ],
                [
                    [
                        "m2",
                        "../../stable-diffusion-webui/models/Stable-diffusion/nnai/ACertainty.ckpt"
                    ],
                    [
                        "m7",
                        "../../stable-diffusion-webui/models/Stable-diffusion/nnai/GuoFeng3_Fix.ckpt"
                    ]
                ],
                [
                    [
                        "m2",
                        "../../stable-diffusion-webui/models/Stable-diffusion/nnai/ACertainty.ckpt"
                    ],
                    [
                        "m8",
                        "../../stable-diffusion-webui/models/Stable-diffusion/nnai/photorealistic-fuen-v1.ckpt"
                    ]
                ],
                [
                    [
                        "m2",
                        "../../stable-diffusion-webui/models/Stable-diffusion/nnai/ACertainty.ckpt"
                    ],
                    [
                        "m9",
                        "../../stable-diffusion-webui/models/Stable-diffusion/nnai/sd-v1-4.ckpt"
                    ]
                ],
                [
                    [
                        "m2",
                        "../../stable-diffusion-webui/models/Stable-diffusion/nnai/ACertainty.ckpt"
                    ],
                    [
                        "m10",
                        "../../stable-diffusion-webui/models/Stable-diffusion/nnai/yiffy-e18.ckpt"
                    ]
                ],
                [
                    [
                        "m3",
                        "../../stable-diffusion-webui/models/Stable-diffusion/nnai/Basil_mix_fixed.safetensors"
                    ],
                    [
                        "m4",
                        "../../stable-diffusion-webui/models/Stable-diffusion/nnai/bastardAIImpossible_v4Liveaction.safetensors"
                    ]
                ],
                [
                    [
                        "m3",
                        "../../stable-diffusion-webui/models/Stable-diffusion/nnai/Basil_mix_fixed.safetensors"
                    ],
                    [
                        "m5",
                        "../../stable-diffusion-webui/models/Stable-diffusion/nnai/dreamlike-photoreal-2.0.safetensors"
                    ]
                ],
                [
                    [
                        "m3",
                        "../../stable-diffusion-webui/models/Stable-diffusion/nnai/Basil_mix_fixed.safetensors"
                    ],
                    [
                        "m6",
                        "../../stable-diffusion-webui/models/Stable-diffusion/nnai/Evt_V4_e10_ema.safetensors"
                    ]
                ],
                [
                    [
                        "m3",
                        "../../stable-diffusion-webui/models/Stable-diffusion/nnai/Basil_mix_fixed.safetensors"
                    ],
                    [
                        "m7",
                        "../../stable-diffusion-webui/models/Stable-diffusion/nnai/GuoFeng3_Fix.ckpt"
                    ]
                ],
                [
                    [
                        "m3",
                        "../../stable-diffusion-webui/models/Stable-diffusion/nnai/Basil_mix_fixed.safetensors"
                    ],
                    [
                        "m8",
                        "../../stable-diffusion-webui/models/Stable-diffusion/nnai/photorealistic-fuen-v1.ckpt"
                    ]
                ],
                [
                    [
                        "m3",
                        "../../stable-diffusion-webui/models/Stable-diffusion/nnai/Basil_mix_fixed.safetensors"
                    ],
                    [
                        "m9",
                        "../../stable-diffusion-webui/models/Stable-diffusion/nnai/sd-v1-4.ckpt"
                    ]
                ],
                [
                    [
                        "m3",
                        "../../stable-diffusion-webui/models/Stable-diffusion/nnai/Basil_mix_fixed.safetensors"
                    ],
                    [
                        "m10",
                        "../../stable-diffusion-webui/models/Stable-diffusion/nnai/yiffy-e18.ckpt"
                    ]
                ],
                [
                    [
                        "m4",
                        "../../stable-diffusion-webui/models/Stable-diffusion/nnai/bastardAIImpossible_v4Liveaction.safetensors"
                    ],
                    [
                        "m5",
                        "../../stable-diffusion-webui/models/Stable-diffusion/nnai/dreamlike-photoreal-2.0.safetensors"
                    ]
                ],
                [
                    [
                        "m4",
                        "../../stable-diffusion-webui/models/Stable-diffusion/nnai/bastardAIImpossible_v4Liveaction.safetensors"
                    ],
                    [
                        "m6",
                        "../../stable-diffusion-webui/models/Stable-diffusion/nnai/Evt_V4_e10_ema.safetensors"
                    ]
                ],
                [
                    [
                        "m4",
                        "../../stable-diffusion-webui/models/Stable-diffusion/nnai/bastardAIImpossible_v4Liveaction.safetensors"
                    ],
                    [
                        "m7",
                        "../../stable-diffusion-webui/models/Stable-diffusion/nnai/GuoFeng3_Fix.ckpt"
                    ]
                ],
                [
                    [
                        "m4",
                        "../../stable-diffusion-webui/models/Stable-diffusion/nnai/bastardAIImpossible_v4Liveaction.safetensors"
                    ],
                    [
                        "m8",
                        "../../stable-diffusion-webui/models/Stable-diffusion/nnai/photorealistic-fuen-v1.ckpt"
                    ]
                ],
                [
                    [
                        "m4",
                        "../../stable-diffusion-webui/models/Stable-diffusion/nnai/bastardAIImpossible_v4Liveaction.safetensors"
                    ],
                    [
                        "m9",
                        "../../stable-diffusion-webui/models/Stable-diffusion/nnai/sd-v1-4.ckpt"
                    ]
                ],
                [
                    [
                        "m4",
                        "../../stable-diffusion-webui/models/Stable-diffusion/nnai/bastardAIImpossible_v4Liveaction.safetensors"
                    ],
                    [
                        "m10",
                        "../../stable-diffusion-webui/models/Stable-diffusion/nnai/yiffy-e18.ckpt"
                    ]
                ],
                [
                    [
                        "m5",
                        "../../stable-diffusion-webui/models/Stable-diffusion/nnai/dreamlike-photoreal-2.0.safetensors"
                    ],
                    [
                        "m6",
                        "../../stable-diffusion-webui/models/Stable-diffusion/nnai/Evt_V4_e10_ema.safetensors"
                    ]
                ],
                [
                    [
                        "m5",
                        "../../stable-diffusion-webui/models/Stable-diffusion/nnai/dreamlike-photoreal-2.0.safetensors"
                    ],
                    [
                        "m7",
                        "../../stable-diffusion-webui/models/Stable-diffusion/nnai/GuoFeng3_Fix.ckpt"
                    ]
                ],
                [
                    [
                        "m5",
                        "../../stable-diffusion-webui/models/Stable-diffusion/nnai/dreamlike-photoreal-2.0.safetensors"
                    ],
                    [
                        "m8",
                        "../../stable-diffusion-webui/models/Stable-diffusion/nnai/photorealistic-fuen-v1.ckpt"
                    ]
                ],
                [
                    [
                        "m5",
                        "../../stable-diffusion-webui/models/Stable-diffusion/nnai/dreamlike-photoreal-2.0.safetensors"
                    ],
                    [
                        "m9",
                        "../../stable-diffusion-webui/models/Stable-diffusion/nnai/sd-v1-4.ckpt"
                    ]
                ],
                [
                    [
                        "m5",
                        "../../stable-diffusion-webui/models/Stable-diffusion/nnai/dreamlike-photoreal-2.0.safetensors"
                    ],
                    [
                        "m10",
                        "../../stable-diffusion-webui/models/Stable-diffusion/nnai/yiffy-e18.ckpt"
                    ]
                ],
                [
                    [
                        "m6",
                        "../../stable-diffusion-webui/models/Stable-diffusion/nnai/Evt_V4_e10_ema.safetensors"
                    ],
                    [
                        "m7",
                        "../../stable-diffusion-webui/models/Stable-diffusion/nnai/GuoFeng3_Fix.ckpt"
                    ]
                ],
                [
                    [
                        "m6",
                        "../../stable-diffusion-webui/models/Stable-diffusion/nnai/Evt_V4_e10_ema.safetensors"
                    ],
                    [
                        "m8",
                        "../../stable-diffusion-webui/models/Stable-diffusion/nnai/photorealistic-fuen-v1.ckpt"
                    ]
                ],
                [
                    [
                        "m6",
                        "../../stable-diffusion-webui/models/Stable-diffusion/nnai/Evt_V4_e10_ema.safetensors"
                    ],
                    [
                        "m9",
                        "../../stable-diffusion-webui/models/Stable-diffusion/nnai/sd-v1-4.ckpt"
                    ]
                ],
                [
                    [
                        "m6",
                        "../../stable-diffusion-webui/models/Stable-diffusion/nnai/Evt_V4_e10_ema.safetensors"
                    ],
                    [
                        "m10",
                        "../../stable-diffusion-webui/models/Stable-diffusion/nnai/yiffy-e18.ckpt"
                    ]
                ],
                [
                    [
                        "m7",
                        "../../stable-diffusion-webui/models/Stable-diffusion/nnai/GuoFeng3_Fix.ckpt"
                    ],
                    [
                        "m8",
                        "../../stable-diffusion-webui/models/Stable-diffusion/nnai/photorealistic-fuen-v1.ckpt"
                    ]
                ],
                [
                    [
                        "m7",
                        "../../stable-diffusion-webui/models/Stable-diffusion/nnai/GuoFeng3_Fix.ckpt"
                    ],
                    [
                        "m9",
                        "../../stable-diffusion-webui/models/Stable-diffusion/nnai/sd-v1-4.ckpt"
                    ]
                ],
                [
                    [
                        "m7",
                        "../../stable-diffusion-webui/models/Stable-diffusion/nnai/GuoFeng3_Fix.ckpt"
                    ],
                    [
                        "m10",
                        "../../stable-diffusion-webui/models/Stable-diffusion/nnai/yiffy-e18.ckpt"
                    ]
                ],
                [
                    [
                        "m8",
                        "../../stable-diffusion-webui/models/Stable-diffusion/nnai/photorealistic-fuen-v1.ckpt"
                    ],
                    [
                        "m9",
                        "../../stable-diffusion-webui/models/Stable-diffusion/nnai/sd-v1-4.ckpt"
                    ]
                ],
                [
                    [
                        "m8",
                        "../../stable-diffusion-webui/models/Stable-diffusion/nnai/photorealistic-fuen-v1.ckpt"
                    ],
                    [
                        "m10",
                        "../../stable-diffusion-webui/models/Stable-diffusion/nnai/yiffy-e18.ckpt"
                    ]
                ],
                [
                    [
                        "m9",
                        "../../stable-diffusion-webui/models/Stable-diffusion/nnai/sd-v1-4.ckpt"
                    ],
                    [
                        "m10",
                        "../../stable-diffusion-webui/models/Stable-diffusion/nnai/yiffy-e18.ckpt"
                    ]
                ]
            ]
        ]
    ],
    "dm": {
        "other": [
            [
                0.0,
                0.0,
                0.0,
                0.0,
                0.0,
                0.0,
                0.0,
                0.0,
                0.0,
                0.0,
                0.0
            ],
            [
                0.0,
                0.0,
                0.0,
                0.0,
                0.9526276588439941,
                0.0,
                0.0,
                0.0,
                0.0,
                3016987.000000166,
                1.0
            ],
            [
                0.0,
                0.0,
                0.0,
                0.0,
                0.0,
                0.0,
                0.0,
                0.0,
                0.0,
                0.0,
                0.0
            ],
            [
                0.0,
                0.0,
                0.0,
                0.0,
                0.0,
                0.0,
                0.0,
                0.0,
                0.0,
                0.0,
                0.0
            ],
            [
                0.0,
                0.9526276588439941,
                0.0,
                0.0,
                0.0,
                0.0,
                0.0,
                0.0,
                0.0,
                0.047272324562072754,
                375.9490794212787
            ],
            [
                0.0,
                0.0,
                0.0,
                0.0,
                0.0,
                0.0,
                0.0,
                0.0,
                0.0,
                0.0,
                0.0
            ],
            [
                0.0,
                0.0,
                0.0,
                0.0,
                0.0,
                0.0,
                0.0,
                0.0,
                0.0,
                0.0,
                0.0
            ],
            [
                0.0,
                0.0,
                0.0,
                0.0,
                0.0,
                0.0,
                0.0,
                0.0,
                0.0,
                0.0,
                0.0
            ],
            [
                0.0,
                0.0,
                0.0,
                0.0,
                0.0,
                0.0,
                0.0,
                0.0,
                0.0,
                0.0,
                0.0
            ],
            [
                0.0,
                3016987.000000166,
                0.0,
                0.0,
                0.047272324562072754,
                0.0,
                0.0,
                0.0,
                0.0,
                0.0,
                0.057544225741273373
            ],
            [
                0.0,
                1.0,
                0.0,
                0.0,
                375.9490794212787,
                0.0,
                0.0,
                0.0,
                0.0,
                0.057544225741273373,
                0.0
            ]
        ],
        "te": [
            [
                0.0,
                0.0,
                0.0,
                0.0,
                0.0,
                0.0,
                0.0,
                0.0,
                0.0,
                0.0,
                0.0
            ],
            [
                0.0,
                0.0,
                0.0,
                0.17702726442683597,
                0.1231840315966065,
                5.043429843311829,
                0.0,
                1.9335477161360222,
                0.7242496661470981,
                0.0,
                0.05895429952263737
            ],
            [
                0.0,
                0.0,
                0.0,
                0.17702726442683597,
                0.1231840315966065,
                5.043429843311829,
                0.0,
                1.9335477161360222,
                0.7242496661470981,
                0.0,
                0.05895429952263737
            ],
            [
                0.0,
                0.17702726442683597,
                0.17702726442683597,
                0.0,
                0.19324564367304925,
                5.046305993930668,
                0.16586612981112553,
                1.9295274147109602,
                0.7369973522191265,
                0.17702726442683597,
                0.17026858267196154
            ],
            [
                0.0,
                0.1231840315966065,
                0.1231840315966065,
                0.19324564367304925,
                0.0,
                5.042036087673075,
                0.11839887536488047,
                1.9357374458785603,
                0.7278561171770753,
                0.1231840315966065,
                0.1109926466987121
            ],
            [
                0.0,
                5.043429843311829,
                5.043429843311829,
                5.046305993930668,
                5.042036087673075,
                0.0,
                5.004435464224094,
                5.204480570316751,
                5.092006124174384,
                5.043429843311829,
                5.0438073296807655
            ],
            [
                0.0,
                0.0,
                0.0,
                0.16586612981112553,
                0.11839887536488047,
                5.004435464224094,
                0.0,
                1.9329357211770852,
                0.6764534347386594,
                0.0,
                0.0577357926770112
            ],
            [
                0.0,
                1.9335477161360222,
                1.9335477161360222,
                1.9295274147109602,
                1.9357374458785603,
                5.204480570316751,
                1.9329357211770852,
                0.0,
                2.058801757027963,
                1.9335477161360222,
                1.9331147055940978
            ],
            [
                0.0,
                0.7242496661470981,
                0.7242496661470981,
                0.7369973522191265,
                0.7278561171770753,
                5.092006124174384,
                0.6764534347386594,
                2.058801757027963,
                0.0,
                0.7242496661470981,
                0.7218477773135088
            ],
            [
                0.0,
                0.0,
                0.0,
                0.17702726442683597,
                0.1231840315966065,
                5.043429843311829,
                0.0,
                1.9335477161360222,
                0.7242496661470981,
                0.0,
                0.05895429952263737
            ],
            [
                0.0,
                0.05895429952263737,
                0.05895429952263737,
                0.17026858267196154,
                0.1109926466987121,
                5.0438073296807655,
                0.0577357926770112,
                1.9331147055940978,
                0.7218477773135088,
                0.05895429952263737,
                0.0
            ]
        ],
        "unet": [
            [
                0.0,
                193.40467819678287,
                103.10032519620957,
                122.22046899414778,
                101.8902172815038,
                250.96537574496315,
                117.37416479772314,
                101.75877241606224,
                334.13328910449127,
                136.86514736235662,
                146.60287691013562
            ],
            [
                193.40467819678287,
                0.0,
                94.54300279568983,
                245.42534281470418,
                229.05648197814392,
                349.9142784600691,
                112.39758217032359,
                232.58571682339146,
                423.4540427166437,
                241.89694557878,
                248.62763403084895
            ],
            [
                103.10032519620957,
                94.54300279568983,
                0.0,
                166.39433966209538,
                148.61118386209233,
                286.2320240078222,
                60.50372062331795,
                150.06061639014075,
                367.5486919613082,
                161.28864446986876,
                173.30561034037228
            ],
            [
                122.22046899414778,
                245.42534281470418,
                166.39433966209538,
                0.0,
                111.1392734375514,
                181.6277425966086,
                176.32136277380084,
                33.0827146214471,
                261.6949746511248,
                129.27358676913656,
                140.6619433661068
            ],
            [
                101.8902172815038,
                229.05648197814392,
                148.61118386209233,
                111.1392734375514,
                0.0,
                189.64274113986917,
                158.59545705550968,
                102.96823082272802,
                270.36843388488006,
                135.06668386210754,
                143.41663282100103
            ],
            [
                250.96537574496315,
                349.9142784600691,
                286.2320240078222,
                181.6277425966086,
                189.64274113986917,
                0.0,
                291.64952885952385,
                189.8835547632835,
                92.95851180018853,
                226.90791678968168,
                232.4205935666985
            ],
            [
                117.37416479772314,
                112.39758217032359,
                60.50372062331795,
                176.32136277380084,
                158.59545705550968,
                291.64952885952385,
                0.0,
                160.4716752330139,
                371.21896768383607,
                175.05759976270008,
                183.4400006509773
            ],
            [
                101.75877241606224,
                232.58571682339146,
                150.06061639014075,
                33.0827146214471,
                102.96823082272802,
                189.8835547632835,
                160.4716752330139,
                0.0,
                272.298613575753,
                119.65618446286524,
                131.59147739333423
            ],
            [
                334.13328910449127,
                423.4540427166437,
                367.5486919613082,
                261.6949746511248,
                270.36843388488006,
                92.95851180018853,
                371.21896768383607,
                272.298613575753,
                0.0,
                316.5063600829602,
                317.64316588263307
            ],
            [
                136.86514736235662,
                241.89694557878,
                161.28864446986876,
                129.27358676913656,
                135.06668386210754,
                226.90791678968168,
                175.05759976270008,
                119.65618446286524,
                316.5063600829602,
                0.0,
                93.70363816170612
            ],
            [
                146.60287691013562,
                248.62763403084895,
                173.30561034037228,
                140.6619433661068,
                143.41663282100103,
                232.4205935666985,
                183.4400006509773,
                131.59147739333423,
                317.64316588263307,
                93.70363816170612,
                0.0
            ]
        ],
        "vae": [
            [
                0.0,
                0.0,
                0.0,
                0.0,
                0.0,
                0.0,
                0.0,
                0.0,
                0.0,
                0.0,
                0.0
            ],
            [
                0.0,
                0.0,
                0.0,
                214.1343030182168,
                431.29073976348946,
                461.6801247551017,
                0.0,
                0.0,
                478.7415120532784,
                469.20509262162346,
                469.20508955929586
            ],
            [
                0.0,
                0.0,
                0.0,
                214.1343030182168,
                431.29073976348946,
                461.6801247551017,
                0.0,
                0.0,
                478.7415120532784,
                469.20509262162346,
                469.20508955929586
            ],
            [
                0.0,
                214.1343030182168,
                214.1343030182168,
                0.0,
                219.3564858276741,
                248.48313031345623,
                214.1343030182168,
                214.1343030182168,
                324.66048771736627,
                255.07098709887546,
                255.07201676677843
            ],
            [
                0.0,
                431.29073976348946,
                431.29073976348946,
                219.3564858276741,
                0.0,
                33.90208635681385,
                431.29073976348946,
                431.29073976348946,
                227.39313140033008,
                59.5075993004773,
                59.50754504276533
            ],
            [
                0.0,
                461.6801247551017,
                461.6801247551017,
                248.48313031345623,
                33.90208635681385,
                0.0,
                461.6801247551017,
                461.68012475510164,
                245.8451103272004,
                32.770689528851506,
                32.77282342759336
            ],
            [
                0.0,
                0.0,
                0.0,
                214.1343030182168,
                431.29073976348946,
                461.6801247551017,
                0.0,
                0.0,
                478.74151205327837,
                469.2050926216234,
                469.20508955929586
            ],
            [
                0.0,
                0.0,
                0.0,
                214.1343030182168,
                431.29073976348946,
                461.68012475510164,
                0.0,
                0.0,
                478.7415120532784,
                469.20509262162346,
                469.20508955929586
            ],
            [
                0.0,
                478.7415120532784,
                478.7415120532784,
                324.66048771736627,
                227.39313140033008,
                245.8451103272004,
                478.74151205327837,
                478.7415120532784,
                0.0,
                278.61404609784984,
                278.6147917535544
            ],
            [
                0.0,
                469.20509262162346,
                469.20509262162346,
                255.07098709887546,
                59.5075993004773,
                32.770689528851506,
                469.2050926216234,
                469.20509262162346,
                278.61404609784984,
                0.0,
                0.07392733331383172
            ],
            [
                0.0,
                469.20508955929586,
                469.20508955929586,
                255.07201676677843,
                59.50754504276533,
                32.77282342759336,
                469.20508955929586,
                469.20508955929586,
                278.6147917535544,
                0.07392733331383172,
                0.0
            ]
        ]
    },
    "ml": [
        "ABPModel-ep99.safetensors",
        "ACertainDraft.ckpt",
        "ACertainty.ckpt",
        "Basil_mix_fixed.safetensors",
        "bastardAIImpossible_v4Liveaction.safetensors",
        "dreamlike-photoreal-2.0.safetensors",
        "Evt_V4_e10_ema.safetensors",
        "GuoFeng3_Fix.ckpt",
        "photorealistic-fuen-v1.ckpt",
        "sd-v1-4.ckpt",
        "yiffy-e18.ckpt"
    ]
}