{
    "cm": [
        [
            "nnai",
            [
                [
                    [
                        "m0",
                        "../../stable-diffusion-webui/tmp/SD1/nnai/888886dc.ckpt"
                    ],
                    [
                        "m1",
                        "../../stable-diffusion-webui/tmp/SD1/nnai/ACertainty.ckpt"
                    ]
                ],
                [
                    [
                        "m0",
                        "../../stable-diffusion-webui/tmp/SD1/nnai/888886dc.ckpt"
                    ],
                    [
                        "m2",
                        "../../stable-diffusion-webui/tmp/SD1/nnai/animefull-final-pruned.ckpt"
                    ]
                ],
                [
                    [
                        "m0",
                        "../../stable-diffusion-webui/tmp/SD1/nnai/888886dc.ckpt"
                    ],
                    [
                        "m3",
                        "../../stable-diffusion-webui/tmp/SD1/nnai/nnai_221128.ckpt"
                    ]
                ],
                [
                    [
                        "m0",
                        "../../stable-diffusion-webui/tmp/SD1/nnai/888886dc.ckpt"
                    ],
                    [
                        "m4",
                        "../../stable-diffusion-webui/tmp/SD1/nnai/nnai_221201.ckpt"
                    ]
                ],
                [
                    [
                        "m0",
                        "../../stable-diffusion-webui/tmp/SD1/nnai/888886dc.ckpt"
                    ],
                    [
                        "m5",
                        "../../stable-diffusion-webui/tmp/SD1/nnai/nnai_lora_221209.ckpt"
                    ]
                ],
                [
                    [
                        "m0",
                        "../../stable-diffusion-webui/tmp/SD1/nnai/888886dc.ckpt"
                    ],
                    [
                        "m6",
                        "../../stable-diffusion-webui/tmp/SD1/nnai/nnai_lora_221213.ckpt"
                    ]
                ],
                [
                    [
                        "m0",
                        "../../stable-diffusion-webui/tmp/SD1/nnai/888886dc.ckpt"
                    ],
                    [
                        "m7",
                        "../../stable-diffusion-webui/tmp/SD1/nnai/sd-v1-4.ckpt"
                    ]
                ],
                [
                    [
                        "m1",
                        "../../stable-diffusion-webui/tmp/SD1/nnai/ACertainty.ckpt"
                    ],
                    [
                        "m2",
                        "../../stable-diffusion-webui/tmp/SD1/nnai/animefull-final-pruned.ckpt"
                    ]
                ],
                [
                    [
                        "m1",
                        "../../stable-diffusion-webui/tmp/SD1/nnai/ACertainty.ckpt"
                    ],
                    [
                        "m3",
                        "../../stable-diffusion-webui/tmp/SD1/nnai/nnai_221128.ckpt"
                    ]
                ],
                [
                    [
                        "m1",
                        "../../stable-diffusion-webui/tmp/SD1/nnai/ACertainty.ckpt"
                    ],
                    [
                        "m4",
                        "../../stable-diffusion-webui/tmp/SD1/nnai/nnai_221201.ckpt"
                    ]
                ],
                [
                    [
                        "m1",
                        "../../stable-diffusion-webui/tmp/SD1/nnai/ACertainty.ckpt"
                    ],
                    [
                        "m5",
                        "../../stable-diffusion-webui/tmp/SD1/nnai/nnai_lora_221209.ckpt"
                    ]
                ],
                [
                    [
                        "m1",
                        "../../stable-diffusion-webui/tmp/SD1/nnai/ACertainty.ckpt"
                    ],
                    [
                        "m6",
                        "../../stable-diffusion-webui/tmp/SD1/nnai/nnai_lora_221213.ckpt"
                    ]
                ],
                [
                    [
                        "m1",
                        "../../stable-diffusion-webui/tmp/SD1/nnai/ACertainty.ckpt"
                    ],
                    [
                        "m7",
                        "../../stable-diffusion-webui/tmp/SD1/nnai/sd-v1-4.ckpt"
                    ]
                ],
                [
                    [
                        "m2",
                        "../../stable-diffusion-webui/tmp/SD1/nnai/animefull-final-pruned.ckpt"
                    ],
                    [
                        "m3",
                        "../../stable-diffusion-webui/tmp/SD1/nnai/nnai_221128.ckpt"
                    ]
                ],
                [
                    [
                        "m2",
                        "../../stable-diffusion-webui/tmp/SD1/nnai/animefull-final-pruned.ckpt"
                    ],
                    [
                        "m4",
                        "../../stable-diffusion-webui/tmp/SD1/nnai/nnai_221201.ckpt"
                    ]
                ],
                [
                    [
                        "m2",
                        "../../stable-diffusion-webui/tmp/SD1/nnai/animefull-final-pruned.ckpt"
                    ],
                    [
                        "m5",
                        "../../stable-diffusion-webui/tmp/SD1/nnai/nnai_lora_221209.ckpt"
                    ]
                ],
                [
                    [
                        "m2",
                        "../../stable-diffusion-webui/tmp/SD1/nnai/animefull-final-pruned.ckpt"
                    ],
                    [
                        "m6",
                        "../../stable-diffusion-webui/tmp/SD1/nnai/nnai_lora_221213.ckpt"
                    ]
                ],
                [
                    [
                        "m2",
                        "../../stable-diffusion-webui/tmp/SD1/nnai/animefull-final-pruned.ckpt"
                    ],
                    [
                        "m7",
                        "../../stable-diffusion-webui/tmp/SD1/nnai/sd-v1-4.ckpt"
                    ]
                ],
                [
                    [
                        "m3",
                        "../../stable-diffusion-webui/tmp/SD1/nnai/nnai_221128.ckpt"
                    ],
                    [
                        "m4",
                        "../../stable-diffusion-webui/tmp/SD1/nnai/nnai_221201.ckpt"
                    ]
                ],
                [
                    [
                        "m3",
                        "../../stable-diffusion-webui/tmp/SD1/nnai/nnai_221128.ckpt"
                    ],
                    [
                        "m5",
                        "../../stable-diffusion-webui/tmp/SD1/nnai/nnai_lora_221209.ckpt"
                    ]
                ],
                [
                    [
                        "m3",
                        "../../stable-diffusion-webui/tmp/SD1/nnai/nnai_221128.ckpt"
                    ],
                    [
                        "m6",
                        "../../stable-diffusion-webui/tmp/SD1/nnai/nnai_lora_221213.ckpt"
                    ]
                ],
                [
                    [
                        "m3",
                        "../../stable-diffusion-webui/tmp/SD1/nnai/nnai_221128.ckpt"
                    ],
                    [
                        "m7",
                        "../../stable-diffusion-webui/tmp/SD1/nnai/sd-v1-4.ckpt"
                    ]
                ],
                [
                    [
                        "m4",
                        "../../stable-diffusion-webui/tmp/SD1/nnai/nnai_221201.ckpt"
                    ],
                    [
                        "m5",
                        "../../stable-diffusion-webui/tmp/SD1/nnai/nnai_lora_221209.ckpt"
                    ]
                ],
                [
                    [
                        "m4",
                        "../../stable-diffusion-webui/tmp/SD1/nnai/nnai_221201.ckpt"
                    ],
                    [
                        "m6",
                        "../../stable-diffusion-webui/tmp/SD1/nnai/nnai_lora_221213.ckpt"
                    ]
                ],
                [
                    [
                        "m4",
                        "../../stable-diffusion-webui/tmp/SD1/nnai/nnai_221201.ckpt"
                    ],
                    [
                        "m7",
                        "../../stable-diffusion-webui/tmp/SD1/nnai/sd-v1-4.ckpt"
                    ]
                ],
                [
                    [
                        "m5",
                        "../../stable-diffusion-webui/tmp/SD1/nnai/nnai_lora_221209.ckpt"
                    ],
                    [
                        "m6",
                        "../../stable-diffusion-webui/tmp/SD1/nnai/nnai_lora_221213.ckpt"
                    ]
                ],
                [
                    [
                        "m5",
                        "../../stable-diffusion-webui/tmp/SD1/nnai/nnai_lora_221209.ckpt"
                    ],
                    [
                        "m7",
                        "../../stable-diffusion-webui/tmp/SD1/nnai/sd-v1-4.ckpt"
                    ]
                ],
                [
                    [
                        "m6",
                        "../../stable-diffusion-webui/tmp/SD1/nnai/nnai_lora_221213.ckpt"
                    ],
                    [
                        "m7",
                        "../../stable-diffusion-webui/tmp/SD1/nnai/sd-v1-4.ckpt"
                    ]
                ]
            ]
        ]
    ],
    "dm": {
        "other": [
            [
                0.0,
                0.0,
                0.0,
                0.0,
                0.0,
                0.0,
                0.0,
                0.0
            ],
            [
                0.0,
                0.0,
                0.0,
                0.0,
                0.0,
                0.0,
                0.0,
                0.0
            ],
            [
                0.0,
                0.0,
                0.0,
                0.0,
                0.0,
                0.0,
                0.0,
                551602.0
            ],
            [
                0.0,
                0.0,
                0.0,
                0.0,
                0.0,
                0.0,
                0.0,
                0.0
            ],
            [
                0.0,
                0.0,
                0.0,
                0.0,
                0.0,
                0.0,
                0.0,
                0.0
            ],
            [
                0.0,
                0.0,
                0.0,
                0.0,
                0.0,
                0.0,
                0.0,
                0.0
            ],
            [
                0.0,
                0.0,
                0.0,
                0.0,
                0.0,
                0.0,
                0.0,
                0.0
            ],
            [
                0.0,
                0.0,
                551602.0,
                0.0,
                0.0,
                0.0,
                0.0,
                0.0
            ]
        ],
        "te": [
            [
                0.0,
                0.0,
                0.0,
                0.0,
                0.0,
                0.0,
                2.450199185320308,
                0.0
            ],
            [
                0.0,
                0.0,
                0.0,
                0.0,
                0.0,
                0.0,
                2.450199185320308,
                0.0
            ],
            [
                0.0,
                0.0,
                0.0,
                0.0,
                0.0,
                0.0,
                0.0,
                0.0
            ],
            [
                0.0,
                0.0,
                0.0,
                0.0,
                0.0,
                0.0,
                2.450199185320308,
                0.0
            ],
            [
                0.0,
                0.0,
                0.0,
                0.0,
                0.0,
                0.0,
                2.450199185320308,
                0.0
            ],
            [
                0.0,
                0.0,
                0.0,
                0.0,
                0.0,
                0.0,
                2.450199185320308,
                0.0
            ],
            [
                2.450199185320308,
                2.450199185320308,
                0.0,
                2.450199185320308,
                2.450199185320308,
                2.450199185320308,
                0.0,
                2.450199185320308
            ],
            [
                0.0,
                0.0,
                0.0,
                0.0,
                0.0,
                0.0,
                2.450199185320308,
                0.0
            ]
        ],
        "unet": [
            [
                0.0,
                101.68922730985345,
                16.484791300243796,
                2.7621363528051943,
                7.899697865150211,
                9.020727175589574,
                101.69004379539139,
                137.3597222028537
            ],
            [
                101.68922730985345,
                0.0,
                101.60626049309401,
                99.51995517318257,
                100.20079958897114,
                100.08303018459452,
                0.25394468810897747,
                161.28864446986873
            ],
            [
                16.484791300243796,
                101.60626049309401,
                0.0,
                17.357088524067233,
                8.916296538357635,
                10.590456506952247,
                101.6073261477219,
                135.50018409524085
            ],
            [
                2.7621363528051943,
                99.51995517318257,
                17.357088524067233,
                0.0,
                8.588819513900091,
                9.607079059874415,
                99.52061378735027,
                136.37837081533414
            ],
            [
                7.899697865150211,
                100.20079958897114,
                8.916296538357635,
                8.588819513900091,
                0.0,
                5.042234426137033,
                100.20169160481892,
                135.86124772263315
            ],
            [
                9.020727175589574,
                100.08303018459452,
                10.590456506952247,
                9.607079059874415,
                5.042234426137033,
                0.0,
                100.08382688463982,
                136.24106188764955
            ],
            [
                101.69004379539139,
                0.25394468810897747,
                101.6073261477219,
                99.52061378735027,
                100.20169160481892,
                100.08382688463982,
                0.0,
                161.28205988403272
            ],
            [
                137.3597222028537,
                161.28864446986873,
                135.50018409524085,
                136.37837081533414,
                135.86124772263315,
                136.24106188764955,
                161.28205988403272,
                0.0
            ]
        ],
        "vae": [
            [
                0.0,
                0.0,
                469.20509262162335,
                30.901297975803946,
                0.0,
                0.0,
                0.1314511681267975,
                469.20509262162335
            ],
            [
                0.0,
                0.0,
                469.20509262162335,
                30.901297975803946,
                0.0,
                0.0,
                0.1314511681267975,
                469.20509262162335
            ],
            [
                469.20509262162335,
                469.20509262162335,
                0.0,
                500.1064918423773,
                469.20509262162335,
                469.20509262162335,
                469.2046016097865,
                0.0
            ],
            [
                30.901297975803946,
                30.901297975803946,
                500.1064918423773,
                0.0,
                30.901297975803946,
                30.901297975803946,
                30.90200580362729,
                500.1064918423773
            ],
            [
                0.0,
                0.0,
                469.20509262162335,
                30.901297975803946,
                0.0,
                0.0,
                0.1314511681267975,
                469.20509262162335
            ],
            [
                0.0,
                0.0,
                469.20509262162335,
                30.901297975803946,
                0.0,
                0.0,
                0.1314511681267975,
                469.20509262162335
            ],
            [
                0.1314511681267975,
                0.1314511681267975,
                469.2046016097865,
                30.90200580362729,
                0.1314511681267975,
                0.1314511681267975,
                0.0,
                469.2046016097865
            ],
            [
                469.20509262162335,
                469.20509262162335,
                0.0,
                500.1064918423773,
                469.20509262162335,
                469.20509262162335,
                469.2046016097865,
                0.0
            ]
        ]
    },
    "ml": [
        "888886dc.ckpt",
        "ACertainty.ckpt",
        "animefull-final-pruned.ckpt",
        "nnai_221128.ckpt",
        "nnai_221201.ckpt",
        "nnai_lora_221209.ckpt",
        "nnai_lora_221213.ckpt",
        "sd-v1-4.ckpt"
    ]
}