{
    "cm": [
        [
            "sdxl0",
            [
                [
                    [
                        "m0",
                        "../../stable-diffusion-webui/tmp/sdxl/_x01-deepDarkHentaiMixNSFW_v12.safetensors"
                    ],
                    [
                        "m1",
                        "../../stable-diffusion-webui/tmp/sdxl/_x02-animeAntifreezingSolutionXL_v10.safetensors"
                    ]
                ],
                [
                    [
                        "m0",
                        "../../stable-diffusion-webui/tmp/sdxl/_x01-deepDarkHentaiMixNSFW_v12.safetensors"
                    ],
                    [
                        "m2",
                        "../../stable-diffusion-webui/tmp/sdxl/_x03-hsxl_base_1.0.f16.safetensors"
                    ]
                ],
                [
                    [
                        "m0",
                        "../../stable-diffusion-webui/tmp/sdxl/_x01-deepDarkHentaiMixNSFW_v12.safetensors"
                    ],
                    [
                        "m3",
                        "../../stable-diffusion-webui/tmp/sdxl/_x04-OpenDalleV1.1.safetensors"
                    ]
                ],
                [
                    [
                        "m0",
                        "../../stable-diffusion-webui/tmp/sdxl/_x01-deepDarkHentaiMixNSFW_v12.safetensors"
                    ],
                    [
                        "m4",
                        "../../stable-diffusion-webui/tmp/sdxl/_x05-copaxTimelessxlSDXL1_v8.safetensors"
                    ]
                ],
                [
                    [
                        "m0",
                        "../../stable-diffusion-webui/tmp/sdxl/_x01-deepDarkHentaiMixNSFW_v12.safetensors"
                    ],
                    [
                        "m5",
                        "../../stable-diffusion-webui/tmp/sdxl/_x06-juggernautXL_v8Rundiffusion.safetensors"
                    ]
                ],
                [
                    [
                        "m0",
                        "../../stable-diffusion-webui/tmp/sdxl/_x01-deepDarkHentaiMixNSFW_v12.safetensors"
                    ],
                    [
                        "m6",
                        "../../stable-diffusion-webui/tmp/sdxl/_x07-kohakuXLBeta_beta7.safetensors"
                    ]
                ],
                [
                    [
                        "m0",
                        "../../stable-diffusion-webui/tmp/sdxl/_x01-deepDarkHentaiMixNSFW_v12.safetensors"
                    ],
                    [
                        "m7",
                        "../../stable-diffusion-webui/tmp/sdxl/_x08-animagineXLV3_v30.safetensors"
                    ]
                ],
                [
                    [
                        "m0",
                        "../../stable-diffusion-webui/tmp/sdxl/_x01-deepDarkHentaiMixNSFW_v12.safetensors"
                    ],
                    [
                        "m8",
                        "../../stable-diffusion-webui/tmp/sdxl/_x09-animeboysxl_v10.safetensors"
                    ]
                ],
                [
                    [
                        "m0",
                        "../../stable-diffusion-webui/tmp/sdxl/_x01-deepDarkHentaiMixNSFW_v12.safetensors"
                    ],
                    [
                        "m9",
                        "../../stable-diffusion-webui/tmp/sdxl/_x10-dreamshaperXL_alpha2Xl10.safetensors"
                    ]
                ],
                [
                    [
                        "m0",
                        "../../stable-diffusion-webui/tmp/sdxl/_x01-deepDarkHentaiMixNSFW_v12.safetensors"
                    ],
                    [
                        "m10",
                        "../../stable-diffusion-webui/tmp/sdxl/_x25-sd_xl_base_1.0.safetensors"
                    ]
                ],
                [
                    [
                        "m1",
                        "../../stable-diffusion-webui/tmp/sdxl/_x02-animeAntifreezingSolutionXL_v10.safetensors"
                    ],
                    [
                        "m2",
                        "../../stable-diffusion-webui/tmp/sdxl/_x03-hsxl_base_1.0.f16.safetensors"
                    ]
                ],
                [
                    [
                        "m1",
                        "../../stable-diffusion-webui/tmp/sdxl/_x02-animeAntifreezingSolutionXL_v10.safetensors"
                    ],
                    [
                        "m3",
                        "../../stable-diffusion-webui/tmp/sdxl/_x04-OpenDalleV1.1.safetensors"
                    ]
                ],
                [
                    [
                        "m1",
                        "../../stable-diffusion-webui/tmp/sdxl/_x02-animeAntifreezingSolutionXL_v10.safetensors"
                    ],
                    [
                        "m4",
                        "../../stable-diffusion-webui/tmp/sdxl/_x05-copaxTimelessxlSDXL1_v8.safetensors"
                    ]
                ],
                [
                    [
                        "m1",
                        "../../stable-diffusion-webui/tmp/sdxl/_x02-animeAntifreezingSolutionXL_v10.safetensors"
                    ],
                    [
                        "m5",
                        "../../stable-diffusion-webui/tmp/sdxl/_x06-juggernautXL_v8Rundiffusion.safetensors"
                    ]
                ],
                [
                    [
                        "m1",
                        "../../stable-diffusion-webui/tmp/sdxl/_x02-animeAntifreezingSolutionXL_v10.safetensors"
                    ],
                    [
                        "m6",
                        "../../stable-diffusion-webui/tmp/sdxl/_x07-kohakuXLBeta_beta7.safetensors"
                    ]
                ],
                [
                    [
                        "m1",
                        "../../stable-diffusion-webui/tmp/sdxl/_x02-animeAntifreezingSolutionXL_v10.safetensors"
                    ],
                    [
                        "m7",
                        "../../stable-diffusion-webui/tmp/sdxl/_x08-animagineXLV3_v30.safetensors"
                    ]
                ],
                [
                    [
                        "m1",
                        "../../stable-diffusion-webui/tmp/sdxl/_x02-animeAntifreezingSolutionXL_v10.safetensors"
                    ],
                    [
                        "m8",
                        "../../stable-diffusion-webui/tmp/sdxl/_x09-animeboysxl_v10.safetensors"
                    ]
                ],
                [
                    [
                        "m1",
                        "../../stable-diffusion-webui/tmp/sdxl/_x02-animeAntifreezingSolutionXL_v10.safetensors"
                    ],
                    [
                        "m9",
                        "../../stable-diffusion-webui/tmp/sdxl/_x10-dreamshaperXL_alpha2Xl10.safetensors"
                    ]
                ],
                [
                    [
                        "m1",
                        "../../stable-diffusion-webui/tmp/sdxl/_x02-animeAntifreezingSolutionXL_v10.safetensors"
                    ],
                    [
                        "m10",
                        "../../stable-diffusion-webui/tmp/sdxl/_x25-sd_xl_base_1.0.safetensors"
                    ]
                ],
                [
                    [
                        "m2",
                        "../../stable-diffusion-webui/tmp/sdxl/_x03-hsxl_base_1.0.f16.safetensors"
                    ],
                    [
                        "m3",
                        "../../stable-diffusion-webui/tmp/sdxl/_x04-OpenDalleV1.1.safetensors"
                    ]
                ],
                [
                    [
                        "m2",
                        "../../stable-diffusion-webui/tmp/sdxl/_x03-hsxl_base_1.0.f16.safetensors"
                    ],
                    [
                        "m4",
                        "../../stable-diffusion-webui/tmp/sdxl/_x05-copaxTimelessxlSDXL1_v8.safetensors"
                    ]
                ],
                [
                    [
                        "m2",
                        "../../stable-diffusion-webui/tmp/sdxl/_x03-hsxl_base_1.0.f16.safetensors"
                    ],
                    [
                        "m5",
                        "../../stable-diffusion-webui/tmp/sdxl/_x06-juggernautXL_v8Rundiffusion.safetensors"
                    ]
                ],
                [
                    [
                        "m2",
                        "../../stable-diffusion-webui/tmp/sdxl/_x03-hsxl_base_1.0.f16.safetensors"
                    ],
                    [
                        "m6",
                        "../../stable-diffusion-webui/tmp/sdxl/_x07-kohakuXLBeta_beta7.safetensors"
                    ]
                ],
                [
                    [
                        "m2",
                        "../../stable-diffusion-webui/tmp/sdxl/_x03-hsxl_base_1.0.f16.safetensors"
                    ],
                    [
                        "m7",
                        "../../stable-diffusion-webui/tmp/sdxl/_x08-animagineXLV3_v30.safetensors"
                    ]
                ],
                [
                    [
                        "m2",
                        "../../stable-diffusion-webui/tmp/sdxl/_x03-hsxl_base_1.0.f16.safetensors"
                    ],
                    [
                        "m8",
                        "../../stable-diffusion-webui/tmp/sdxl/_x09-animeboysxl_v10.safetensors"
                    ]
                ],
                [
                    [
                        "m2",
                        "../../stable-diffusion-webui/tmp/sdxl/_x03-hsxl_base_1.0.f16.safetensors"
                    ],
                    [
                        "m9",
                        "../../stable-diffusion-webui/tmp/sdxl/_x10-dreamshaperXL_alpha2Xl10.safetensors"
                    ]
                ],
                [
                    [
                        "m2",
                        "../../stable-diffusion-webui/tmp/sdxl/_x03-hsxl_base_1.0.f16.safetensors"
                    ],
                    [
                        "m10",
                        "../../stable-diffusion-webui/tmp/sdxl/_x25-sd_xl_base_1.0.safetensors"
                    ]
                ],
                [
                    [
                        "m3",
                        "../../stable-diffusion-webui/tmp/sdxl/_x04-OpenDalleV1.1.safetensors"
                    ],
                    [
                        "m4",
                        "../../stable-diffusion-webui/tmp/sdxl/_x05-copaxTimelessxlSDXL1_v8.safetensors"
                    ]
                ],
                [
                    [
                        "m3",
                        "../../stable-diffusion-webui/tmp/sdxl/_x04-OpenDalleV1.1.safetensors"
                    ],
                    [
                        "m5",
                        "../../stable-diffusion-webui/tmp/sdxl/_x06-juggernautXL_v8Rundiffusion.safetensors"
                    ]
                ],
                [
                    [
                        "m3",
                        "../../stable-diffusion-webui/tmp/sdxl/_x04-OpenDalleV1.1.safetensors"
                    ],
                    [
                        "m6",
                        "../../stable-diffusion-webui/tmp/sdxl/_x07-kohakuXLBeta_beta7.safetensors"
                    ]
                ],
                [
                    [
                        "m3",
                        "../../stable-diffusion-webui/tmp/sdxl/_x04-OpenDalleV1.1.safetensors"
                    ],
                    [
                        "m7",
                        "../../stable-diffusion-webui/tmp/sdxl/_x08-animagineXLV3_v30.safetensors"
                    ]
                ],
                [
                    [
                        "m3",
                        "../../stable-diffusion-webui/tmp/sdxl/_x04-OpenDalleV1.1.safetensors"
                    ],
                    [
                        "m8",
                        "../../stable-diffusion-webui/tmp/sdxl/_x09-animeboysxl_v10.safetensors"
                    ]
                ],
                [
                    [
                        "m3",
                        "../../stable-diffusion-webui/tmp/sdxl/_x04-OpenDalleV1.1.safetensors"
                    ],
                    [
                        "m9",
                        "../../stable-diffusion-webui/tmp/sdxl/_x10-dreamshaperXL_alpha2Xl10.safetensors"
                    ]
                ],
                [
                    [
                        "m3",
                        "../../stable-diffusion-webui/tmp/sdxl/_x04-OpenDalleV1.1.safetensors"
                    ],
                    [
                        "m10",
                        "../../stable-diffusion-webui/tmp/sdxl/_x25-sd_xl_base_1.0.safetensors"
                    ]
                ],
                [
                    [
                        "m4",
                        "../../stable-diffusion-webui/tmp/sdxl/_x05-copaxTimelessxlSDXL1_v8.safetensors"
                    ],
                    [
                        "m5",
                        "../../stable-diffusion-webui/tmp/sdxl/_x06-juggernautXL_v8Rundiffusion.safetensors"
                    ]
                ],
                [
                    [
                        "m4",
                        "../../stable-diffusion-webui/tmp/sdxl/_x05-copaxTimelessxlSDXL1_v8.safetensors"
                    ],
                    [
                        "m6",
                        "../../stable-diffusion-webui/tmp/sdxl/_x07-kohakuXLBeta_beta7.safetensors"
                    ]
                ],
                [
                    [
                        "m4",
                        "../../stable-diffusion-webui/tmp/sdxl/_x05-copaxTimelessxlSDXL1_v8.safetensors"
                    ],
                    [
                        "m7",
                        "../../stable-diffusion-webui/tmp/sdxl/_x08-animagineXLV3_v30.safetensors"
                    ]
                ],
                [
                    [
                        "m4",
                        "../../stable-diffusion-webui/tmp/sdxl/_x05-copaxTimelessxlSDXL1_v8.safetensors"
                    ],
                    [
                        "m8",
                        "../../stable-diffusion-webui/tmp/sdxl/_x09-animeboysxl_v10.safetensors"
                    ]
                ],
                [
                    [
                        "m4",
                        "../../stable-diffusion-webui/tmp/sdxl/_x05-copaxTimelessxlSDXL1_v8.safetensors"
                    ],
                    [
                        "m9",
                        "../../stable-diffusion-webui/tmp/sdxl/_x10-dreamshaperXL_alpha2Xl10.safetensors"
                    ]
                ],
                [
                    [
                        "m4",
                        "../../stable-diffusion-webui/tmp/sdxl/_x05-copaxTimelessxlSDXL1_v8.safetensors"
                    ],
                    [
                        "m10",
                        "../../stable-diffusion-webui/tmp/sdxl/_x25-sd_xl_base_1.0.safetensors"
                    ]
                ],
                [
                    [
                        "m5",
                        "../../stable-diffusion-webui/tmp/sdxl/_x06-juggernautXL_v8Rundiffusion.safetensors"
                    ],
                    [
                        "m6",
                        "../../stable-diffusion-webui/tmp/sdxl/_x07-kohakuXLBeta_beta7.safetensors"
                    ]
                ],
                [
                    [
                        "m5",
                        "../../stable-diffusion-webui/tmp/sdxl/_x06-juggernautXL_v8Rundiffusion.safetensors"
                    ],
                    [
                        "m7",
                        "../../stable-diffusion-webui/tmp/sdxl/_x08-animagineXLV3_v30.safetensors"
                    ]
                ],
                [
                    [
                        "m5",
                        "../../stable-diffusion-webui/tmp/sdxl/_x06-juggernautXL_v8Rundiffusion.safetensors"
                    ],
                    [
                        "m8",
                        "../../stable-diffusion-webui/tmp/sdxl/_x09-animeboysxl_v10.safetensors"
                    ]
                ],
                [
                    [
                        "m5",
                        "../../stable-diffusion-webui/tmp/sdxl/_x06-juggernautXL_v8Rundiffusion.safetensors"
                    ],
                    [
                        "m9",
                        "../../stable-diffusion-webui/tmp/sdxl/_x10-dreamshaperXL_alpha2Xl10.safetensors"
                    ]
                ],
                [
                    [
                        "m5",
                        "../../stable-diffusion-webui/tmp/sdxl/_x06-juggernautXL_v8Rundiffusion.safetensors"
                    ],
                    [
                        "m10",
                        "../../stable-diffusion-webui/tmp/sdxl/_x25-sd_xl_base_1.0.safetensors"
                    ]
                ],
                [
                    [
                        "m6",
                        "../../stable-diffusion-webui/tmp/sdxl/_x07-kohakuXLBeta_beta7.safetensors"
                    ],
                    [
                        "m7",
                        "../../stable-diffusion-webui/tmp/sdxl/_x08-animagineXLV3_v30.safetensors"
                    ]
                ],
                [
                    [
                        "m6",
                        "../../stable-diffusion-webui/tmp/sdxl/_x07-kohakuXLBeta_beta7.safetensors"
                    ],
                    [
                        "m8",
                        "../../stable-diffusion-webui/tmp/sdxl/_x09-animeboysxl_v10.safetensors"
                    ]
                ],
                [
                    [
                        "m6",
                        "../../stable-diffusion-webui/tmp/sdxl/_x07-kohakuXLBeta_beta7.safetensors"
                    ],
                    [
                        "m9",
                        "../../stable-diffusion-webui/tmp/sdxl/_x10-dreamshaperXL_alpha2Xl10.safetensors"
                    ]
                ],
                [
                    [
                        "m6",
                        "../../stable-diffusion-webui/tmp/sdxl/_x07-kohakuXLBeta_beta7.safetensors"
                    ],
                    [
                        "m10",
                        "../../stable-diffusion-webui/tmp/sdxl/_x25-sd_xl_base_1.0.safetensors"
                    ]
                ],
                [
                    [
                        "m7",
                        "../../stable-diffusion-webui/tmp/sdxl/_x08-animagineXLV3_v30.safetensors"
                    ],
                    [
                        "m8",
                        "../../stable-diffusion-webui/tmp/sdxl/_x09-animeboysxl_v10.safetensors"
                    ]
                ],
                [
                    [
                        "m7",
                        "../../stable-diffusion-webui/tmp/sdxl/_x08-animagineXLV3_v30.safetensors"
                    ],
                    [
                        "m9",
                        "../../stable-diffusion-webui/tmp/sdxl/_x10-dreamshaperXL_alpha2Xl10.safetensors"
                    ]
                ],
                [
                    [
                        "m7",
                        "../../stable-diffusion-webui/tmp/sdxl/_x08-animagineXLV3_v30.safetensors"
                    ],
                    [
                        "m10",
                        "../../stable-diffusion-webui/tmp/sdxl/_x25-sd_xl_base_1.0.safetensors"
                    ]
                ],
                [
                    [
                        "m8",
                        "../../stable-diffusion-webui/tmp/sdxl/_x09-animeboysxl_v10.safetensors"
                    ],
                    [
                        "m9",
                        "../../stable-diffusion-webui/tmp/sdxl/_x10-dreamshaperXL_alpha2Xl10.safetensors"
                    ]
                ],
                [
                    [
                        "m8",
                        "../../stable-diffusion-webui/tmp/sdxl/_x09-animeboysxl_v10.safetensors"
                    ],
                    [
                        "m10",
                        "../../stable-diffusion-webui/tmp/sdxl/_x25-sd_xl_base_1.0.safetensors"
                    ]
                ],
                [
                    [
                        "m9",
                        "../../stable-diffusion-webui/tmp/sdxl/_x10-dreamshaperXL_alpha2Xl10.safetensors"
                    ],
                    [
                        "m10",
                        "../../stable-diffusion-webui/tmp/sdxl/_x25-sd_xl_base_1.0.safetensors"
                    ]
                ]
            ]
        ]
    ],
    "dm": {
        "other": [
            [
                0.0,
                0.0,
                0.0,
                0.0,
                0.0,
                0.0,
                0.0,
                0.0,
                0.0,
                0.0,
                0.0
            ],
            [
                0.0,
                0.0,
                0.0,
                0.0,
                0.0,
                0.0,
                0.0,
                0.0,
                0.0,
                0.0,
                0.0
            ],
            [
                0.0,
                0.0,
                0.0,
                0.0,
                0.0,
                0.0,
                0.0,
                0.0,
                0.0,
                0.0,
                0.0
            ],
            [
                0.0,
                0.0,
                0.0,
                0.0,
                0.0,
                0.0,
                0.0,
                0.0,
                0.0,
                0.0,
                0.0
            ],
            [
                0.0,
                0.0,
                0.0,
                0.0,
                0.0,
                0.0,
                0.0,
                0.0,
                0.0,
                0.0,
                0.0
            ],
            [
                0.0,
                0.0,
                0.0,
                0.0,
                0.0,
                0.0,
                0.0,
                0.0,
                0.0,
                0.0,
                0.0
            ],
            [
                0.0,
                0.0,
                0.0,
                0.0,
                0.0,
                0.0,
                0.0,
                0.0,
                0.0,
                0.0,
                0.0
            ],
            [
                0.0,
                0.0,
                0.0,
                0.0,
                0.0,
                0.0,
                0.0,
                0.0,
                0.0,
                0.0,
                0.0
            ],
            [
                0.0,
                0.0,
                0.0,
                0.0,
                0.0,
                0.0,
                0.0,
                0.0,
                0.0,
                0.0,
                0.0
            ],
            [
                0.0,
                0.0,
                0.0,
                0.0,
                0.0,
                0.0,
                0.0,
                0.0,
                0.0,
                0.0,
                0.0
            ],
            [
                0.0,
                0.0,
                0.0,
                0.0,
                0.0,
                0.0,
                0.0,
                0.0,
                0.0,
                0.0,
                0.0
            ]
        ],
        "te": [
            [
                0.0,
                0.0,
                0.0,
                0.0,
                0.0,
                0.0,
                0.0,
                0.0,
                0.0,
                0.0,
                0.0
            ],
            [
                0.0,
                0.0,
                0.0,
                0.0,
                0.0,
                0.0,
                0.0,
                0.0,
                0.0,
                0.0,
                0.0
            ],
            [
                0.0,
                0.0,
                0.0,
                0.0,
                0.0,
                0.0,
                0.0,
                0.0,
                0.0,
                0.0,
                0.0
            ],
            [
                0.0,
                0.0,
                0.0,
                0.0,
                0.0,
                0.0,
                0.0,
                0.0,
                0.0,
                0.0,
                0.0
            ],
            [
                0.0,
                0.0,
                0.0,
                0.0,
                0.0,
                0.0,
                0.0,
                0.0,
                0.0,
                0.0,
                0.0
            ],
            [
                0.0,
                0.0,
                0.0,
                0.0,
                0.0,
                0.0,
                0.0,
                0.0,
                0.0,
                0.0,
                0.0
            ],
            [
                0.0,
                0.0,
                0.0,
                0.0,
                0.0,
                0.0,
                0.0,
                0.0,
                0.0,
                0.0,
                0.0
            ],
            [
                0.0,
                0.0,
                0.0,
                0.0,
                0.0,
                0.0,
                0.0,
                0.0,
                0.0,
                0.0,
                0.0
            ],
            [
                0.0,
                0.0,
                0.0,
                0.0,
                0.0,
                0.0,
                0.0,
                0.0,
                0.0,
                0.0,
                0.0
            ],
            [
                0.0,
                0.0,
                0.0,
                0.0,
                0.0,
                0.0,
                0.0,
                0.0,
                0.0,
                0.0,
                0.0
            ],
            [
                0.0,
                0.0,
                0.0,
                0.0,
                0.0,
                0.0,
                0.0,
                0.0,
                0.0,
                0.0,
                0.0
            ]
        ],
        "te0": [
            [
                0.0,
                10.544137480999188,
                10.022919362607613,
                10.392310080026473,
                10.029301524780287,
                10.253577991852428,
                10.580501399087453,
                16.279444538921442,
                17.034921867552583,
                10.022919362607613,
                10.022919362607613
            ],
            [
                10.544137480999188,
                0.0,
                3.4809604285671325,
                3.7266584475125097,
                3.5432548132723354,
                3.9770888970208076,
                0.5236918313857456,
                13.221723493441518,
                14.133172142364426,
                3.4809604285671325,
                3.4809604285671325
            ],
            [
                10.022919362607613,
                3.4809604285671325,
                0.0,
                3.368995802134791,
                0.744723020148117,
                2.3937536075519086,
                3.592401106746393,
                12.943792074243554,
                13.824925865684538,
                0.0,
                0.0
            ],
            [
                10.392310080026473,
                3.7266584475125097,
                3.368995802134791,
                0.0,
                3.2759101334411413,
                3.0729895368109976,
                3.830624410371093,
                13.34168378430777,
                14.224699263098065,
                3.368995802134791,
                3.368995802134791
            ],
            [
                10.029301524780287,
                3.5432548132723354,
                0.744723020148117,
                3.2759101334411413,
                0.0,
                2.276553522733031,
                3.652786957001886,
                12.959933882364307,
                13.842345056844827,
                0.744723020148117,
                0.744723020148117
            ],
            [
                10.253577991852428,
                3.9770888970208076,
                2.3937536075519086,
                3.0729895368109976,
                2.276553522733031,
                0.0,
                4.074683095532982,
                13.138724617943856,
                14.026257464410099,
                2.3937536075519086,
                2.3937536075519086
            ],
            [
                10.580501399087453,
                0.5236918313857456,
                3.592401106746393,
                3.830624410371093,
                3.652786957001886,
                4.074683095532982,
                0.0,
                13.241890897611347,
                14.15116604399385,
                3.592401106746393,
                3.592401106746393
            ],
            [
                16.279444538921442,
                13.221723493441518,
                12.943792074243554,
                13.34168378430777,
                12.959933882364307,
                13.138724617943856,
                13.241890897611347,
                0.0,
                17.682403544976648,
                12.943792074243554,
                12.943792074243554
            ],
            [
                17.034921867552583,
                14.133172142364426,
                13.824925865684538,
                14.224699263098065,
                13.842345056844827,
                14.026257464410099,
                14.15116604399385,
                17.682403544976648,
                0.0,
                13.824925865684538,
                13.824925865684538
            ],
            [
                10.022919362607613,
                3.4809604285671325,
                0.0,
                3.368995802134791,
                0.744723020148117,
                2.3937536075519086,
                3.592401106746393,
                12.943792074243554,
                13.824925865684538,
                0.0,
                0.0
            ],
            [
                10.022919362607613,
                3.4809604285671325,
                0.0,
                3.368995802134791,
                0.744723020148117,
                2.3937536075519086,
                3.592401106746393,
                12.943792074243554,
                13.824925865684538,
                0.0,
                0.0
            ]
        ],
        "te1": [
            [
                0.0,
                47.93655191811162,
                47.817866041488564,
                46.5622636001192,
                47.73594468244413,
                51.380795321258404,
                47.977234056132936,
                59.39082102449579,
                58.25154867176972,
                47.817866041488564,
                47.817866041488564
            ],
            [
                47.93655191811162,
                0.0,
                6.6916695718642405,
                11.307938801767278,
                6.921681904381116,
                22.36351921243393,
                1.2413687489355212,
                35.067347645794676,
                33.844103636097934,
                6.6916695718642405,
                6.6916695718642405
            ],
            [
                47.817866041488564,
                6.6916695718642405,
                0.0,
                9.50051075792024,
                2.070049032006937,
                21.538071970036818,
                6.984127066074089,
                36.07692134620584,
                33.433847746882414,
                0.0,
                0.0
            ],
            [
                46.5622636001192,
                11.307938801767278,
                9.50051075792024,
                0.0,
                9.023477493181465,
                20.63778387749433,
                11.482674652730738,
                37.164858569048974,
                34.74584199912638,
                9.50051075792024,
                9.50051075792024
            ],
            [
                47.73594468244413,
                6.921681904381116,
                2.070049032006937,
                9.023477493181465,
                0.0,
                21.26716978049075,
                7.204659197416618,
                36.117196925875874,
                33.48802487853158,
                2.070049032006937,
                2.070049032006937
            ],
            [
                51.380795321258404,
                22.36351921243393,
                21.538071970036818,
                20.63778387749433,
                21.26716978049075,
                0.0,
                22.45193094592169,
                41.87708840624869,
                39.755578828621175,
                21.538071970036818,
                21.538071970036818
            ],
            [
                47.977234056132936,
                1.2413687489355212,
                6.984127066074089,
                11.482674652730738,
                7.204659197416618,
                22.45193094592169,
                0.0,
                35.10609165036207,
                33.8828655874177,
                6.984127066074089,
                6.984127066074089
            ],
            [
                59.39082102449579,
                35.067347645794676,
                36.07692134620584,
                37.164858569048974,
                36.117196925875874,
                41.87708840624869,
                35.10609165036207,
                0.0,
                45.95746025723768,
                36.07692134620584,
                36.07692134620584
            ],
            [
                58.25154867176972,
                33.844103636097934,
                33.433847746882414,
                34.74584199912638,
                33.48802487853158,
                39.755578828621175,
                33.8828655874177,
                45.95746025723768,
                0.0,
                33.433847746882414,
                33.433847746882414
            ],
            [
                47.817866041488564,
                6.6916695718642405,
                0.0,
                9.50051075792024,
                2.070049032006937,
                21.538071970036818,
                6.984127066074089,
                36.07692134620584,
                33.433847746882414,
                0.0,
                0.0
            ],
            [
                47.817866041488564,
                6.6916695718642405,
                0.0,
                9.50051075792024,
                2.070049032006937,
                21.538071970036818,
                6.984127066074089,
                36.07692134620584,
                33.433847746882414,
                0.0,
                0.0
            ]
        ],
        "unet": [
            [
                0.0,
                240.18145882193053,
                204.01438684396356,
                198.51994636234025,
                204.1382125164991,
                196.50074378452908,
                167.53309692421468,
                202.28629589196612,
                234.0668847706239,
                204.79186255987642,
                204.01310398365572
            ],
            [
                240.18145882193053,
                0.0,
                193.17725306694865,
                192.18838482949823,
                193.63803908302413,
                191.62168019337108,
                171.13611560899722,
                215.09478867516393,
                212.75397891325377,
                194.34630492629807,
                193.14728015200976
            ],
            [
                204.01438684396356,
                193.17725306694865,
                0.0,
                18.37637088001754,
                18.083397538727365,
                19.788905527649977,
                80.9634869335667,
                183.8837194511702,
                122.83407835641478,
                25.569132621689675,
                4.051583557985106
            ],
            [
                198.51994636234025,
                192.18838482949823,
                18.37637088001754,
                0.0,
                22.36143010157298,
                20.143407783464962,
                79.131683532245,
                181.8179773015351,
                123.5046423961172,
                28.506605202400657,
                18.033700104564147
            ],
            [
                204.1382125164991,
                193.63803908302413,
                18.083397538727365,
                22.36143010157298,
                0.0,
                22.47451001513731,
                82.23884185202076,
                184.37820900761832,
                123.88066070381525,
                29.96440724307951,
                17.715643302979103
            ],
            [
                196.50074378452908,
                191.62168019337108,
                19.788905527649977,
                20.143407783464962,
                22.47451001513731,
                0.0,
                77.26642885462346,
                180.52484535968114,
                123.99131146564308,
                28.882666112672133,
                19.463514194761526
            ],
            [
                167.53309692421468,
                171.13611560899722,
                80.9634869335667,
                79.131683532245,
                82.23884185202076,
                77.26642885462346,
                0.0,
                150.84395883910767,
                138.132400746652,
                83.65652942658586,
                80.89492869762319
            ],
            [
                202.28629589196612,
                215.09478867516393,
                183.8837194511702,
                181.8179773015351,
                184.37820900761832,
                180.52484535968114,
                150.84395883910767,
                0.0,
                189.91375650450698,
                184.94449590985585,
                183.8557027881864
            ],
            [
                234.0668847706239,
                212.75397891325377,
                122.83407835641478,
                123.5046423961172,
                123.88066070381525,
                123.99131146564308,
                138.132400746652,
                189.91375650450698,
                0.0,
                125.2965563212208,
                122.79929131866314
            ],
            [
                204.79186255987642,
                194.34630492629807,
                25.569132621689675,
                28.506605202400657,
                29.96440724307951,
