{
    "cm": [
        [
            "sdxl3",
            [
                [
                    [
                        "m0",
                        "../../stable-diffusion-webui/tmp/sdxl/_x25-sd_xl_base_1.0.safetensors"
                    ],
                    [
                        "m1",
                        "../../stable-diffusion-webui/tmp/sdxl/_x31-counterfeitxl_v25.safetensors"
                    ]
                ],
                [
                    [
                        "m0",
                        "../../stable-diffusion-webui/tmp/sdxl/_x25-sd_xl_base_1.0.safetensors"
                    ],
                    [
                        "m2",
                        "../../stable-diffusion-webui/tmp/sdxl/_x32-enjoyPandoraXL_v10.safetensors"
                    ]
                ],
                [
                    [
                        "m0",
                        "../../stable-diffusion-webui/tmp/sdxl/_x25-sd_xl_base_1.0.safetensors"
                    ],
                    [
                        "m3",
                        "../../stable-diffusion-webui/tmp/sdxl/_x33-4Guofeng4XL_v12.safetensors"
                    ]
                ],
                [
                    [
                        "m0",
                        "../../stable-diffusion-webui/tmp/sdxl/_x25-sd_xl_base_1.0.safetensors"
                    ],
                    [
                        "m4",
                        "../../stable-diffusion-webui/tmp/sdxl/_x34-animeIllustDiffusion_v061.safetensors"
                    ]
                ],
                [
                    [
                        "m0",
                        "../../stable-diffusion-webui/tmp/sdxl/_x25-sd_xl_base_1.0.safetensors"
                    ],
                    [
                        "m5",
                        "../../stable-diffusion-webui/tmp/sdxl/_x35-brightprotonukeBPNNo_bpn13.safetensors"
                    ]
                ],
                [
                    [
                        "m0",
                        "../../stable-diffusion-webui/tmp/sdxl/_x25-sd_xl_base_1.0.safetensors"
                    ],
                    [
                        "m6",
                        "../../stable-diffusion-webui/tmp/sdxl/_x36-devlishphotorealism_sdxl15.safetensors"
                    ]
                ],
                [
                    [
                        "m0",
                        "../../stable-diffusion-webui/tmp/sdxl/_x25-sd_xl_base_1.0.safetensors"
                    ],
                    [
                        "m7",
                        "../../stable-diffusion-webui/tmp/sdxl/_x37-himawarimix_xlV4.safetensors"
                    ]
                ],
                [
                    [
                        "m0",
                        "../../stable-diffusion-webui/tmp/sdxl/_x25-sd_xl_base_1.0.safetensors"
                    ],
                    [
                        "m8",
                        "../../stable-diffusion-webui/tmp/sdxl/_x38-aio_v10.safetensors"
                    ]
                ],
                [
                    [
                        "m0",
                        "../../stable-diffusion-webui/tmp/sdxl/_x25-sd_xl_base_1.0.safetensors"
                    ],
                    [
                        "m9",
                        "../../stable-diffusion-webui/tmp/sdxl/_x39-sakumix_v10.safetensors"
                    ]
                ],
                [
                    [
                        "m0",
                        "../../stable-diffusion-webui/tmp/sdxl/_x25-sd_xl_base_1.0.safetensors"
                    ],
                    [
                        "m10",
                        "../../stable-diffusion-webui/tmp/sdxl/_x40-218xl_.safetensors"
                    ]
                ],
                [
                    [
                        "m0",
                        "../../stable-diffusion-webui/tmp/sdxl/_x25-sd_xl_base_1.0.safetensors"
                    ],
                    [
                        "m11",
                        "../../stable-diffusion-webui/tmp/sdxl/_x41-riotDiffusionXLLeagueOfLegendsSplash_v20.safetensors"
                    ]
                ],
                [
                    [
                        "m1",
                        "../../stable-diffusion-webui/tmp/sdxl/_x31-counterfeitxl_v25.safetensors"
                    ],
                    [
                        "m2",
                        "../../stable-diffusion-webui/tmp/sdxl/_x32-enjoyPandoraXL_v10.safetensors"
                    ]
                ],
                [
                    [
                        "m1",
                        "../../stable-diffusion-webui/tmp/sdxl/_x31-counterfeitxl_v25.safetensors"
                    ],
                    [
                        "m3",
                        "../../stable-diffusion-webui/tmp/sdxl/_x33-4Guofeng4XL_v12.safetensors"
                    ]
                ],
                [
                    [
                        "m1",
                        "../../stable-diffusion-webui/tmp/sdxl/_x31-counterfeitxl_v25.safetensors"
                    ],
                    [
                        "m4",
                        "../../stable-diffusion-webui/tmp/sdxl/_x34-animeIllustDiffusion_v061.safetensors"
                    ]
                ],
                [
                    [
                        "m1",
                        "../../stable-diffusion-webui/tmp/sdxl/_x31-counterfeitxl_v25.safetensors"
                    ],
                    [
                        "m5",
                        "../../stable-diffusion-webui/tmp/sdxl/_x35-brightprotonukeBPNNo_bpn13.safetensors"
                    ]
                ],
                [
                    [
                        "m1",
                        "../../stable-diffusion-webui/tmp/sdxl/_x31-counterfeitxl_v25.safetensors"
                    ],
                    [
                        "m6",
                        "../../stable-diffusion-webui/tmp/sdxl/_x36-devlishphotorealism_sdxl15.safetensors"
                    ]
                ],
                [
                    [
                        "m1",
                        "../../stable-diffusion-webui/tmp/sdxl/_x31-counterfeitxl_v25.safetensors"
                    ],
                    [
                        "m7",
                        "../../stable-diffusion-webui/tmp/sdxl/_x37-himawarimix_xlV4.safetensors"
                    ]
                ],
                [
                    [
                        "m1",
                        "../../stable-diffusion-webui/tmp/sdxl/_x31-counterfeitxl_v25.safetensors"
                    ],
                    [
                        "m8",
                        "../../stable-diffusion-webui/tmp/sdxl/_x38-aio_v10.safetensors"
                    ]
                ],
                [
                    [
                        "m1",
                        "../../stable-diffusion-webui/tmp/sdxl/_x31-counterfeitxl_v25.safetensors"
                    ],
                    [
                        "m9",
                        "../../stable-diffusion-webui/tmp/sdxl/_x39-sakumix_v10.safetensors"
                    ]
                ],
                [
                    [
                        "m1",
                        "../../stable-diffusion-webui/tmp/sdxl/_x31-counterfeitxl_v25.safetensors"
                    ],
                    [
                        "m10",
                        "../../stable-diffusion-webui/tmp/sdxl/_x40-218xl_.safetensors"
                    ]
                ],
                [
                    [
                        "m1",
                        "../../stable-diffusion-webui/tmp/sdxl/_x31-counterfeitxl_v25.safetensors"
                    ],
                    [
                        "m11",
                        "../../stable-diffusion-webui/tmp/sdxl/_x41-riotDiffusionXLLeagueOfLegendsSplash_v20.safetensors"
                    ]
                ],
                [
                    [
                        "m2",
                        "../../stable-diffusion-webui/tmp/sdxl/_x32-enjoyPandoraXL_v10.safetensors"
                    ],
                    [
                        "m3",
                        "../../stable-diffusion-webui/tmp/sdxl/_x33-4Guofeng4XL_v12.safetensors"
                    ]
                ],
                [
                    [
                        "m2",
                        "../../stable-diffusion-webui/tmp/sdxl/_x32-enjoyPandoraXL_v10.safetensors"
                    ],
                    [
                        "m4",
                        "../../stable-diffusion-webui/tmp/sdxl/_x34-animeIllustDiffusion_v061.safetensors"
                    ]
                ],
                [
                    [
                        "m2",
                        "../../stable-diffusion-webui/tmp/sdxl/_x32-enjoyPandoraXL_v10.safetensors"
                    ],
                    [
                        "m5",
                        "../../stable-diffusion-webui/tmp/sdxl/_x35-brightprotonukeBPNNo_bpn13.safetensors"
                    ]
                ],
                [
                    [
                        "m2",
                        "../../stable-diffusion-webui/tmp/sdxl/_x32-enjoyPandoraXL_v10.safetensors"
                    ],
                    [
                        "m6",
                        "../../stable-diffusion-webui/tmp/sdxl/_x36-devlishphotorealism_sdxl15.safetensors"
                    ]
                ],
                [
                    [
                        "m2",
                        "../../stable-diffusion-webui/tmp/sdxl/_x32-enjoyPandoraXL_v10.safetensors"
                    ],
                    [
                        "m7",
                        "../../stable-diffusion-webui/tmp/sdxl/_x37-himawarimix_xlV4.safetensors"
                    ]
                ],
                [
                    [
                        "m2",
                        "../../stable-diffusion-webui/tmp/sdxl/_x32-enjoyPandoraXL_v10.safetensors"
                    ],
                    [
                        "m8",
                        "../../stable-diffusion-webui/tmp/sdxl/_x38-aio_v10.safetensors"
                    ]
                ],
                [
                    [
                        "m2",
                        "../../stable-diffusion-webui/tmp/sdxl/_x32-enjoyPandoraXL_v10.safetensors"
                    ],
                    [
                        "m9",
                        "../../stable-diffusion-webui/tmp/sdxl/_x39-sakumix_v10.safetensors"
                    ]
                ],
                [
                    [
                        "m2",
                        "../../stable-diffusion-webui/tmp/sdxl/_x32-enjoyPandoraXL_v10.safetensors"
                    ],
                    [
                        "m10",
                        "../../stable-diffusion-webui/tmp/sdxl/_x40-218xl_.safetensors"
                    ]
                ],
                [
                    [
                        "m2",
                        "../../stable-diffusion-webui/tmp/sdxl/_x32-enjoyPandoraXL_v10.safetensors"
                    ],
                    [
                        "m11",
                        "../../stable-diffusion-webui/tmp/sdxl/_x41-riotDiffusionXLLeagueOfLegendsSplash_v20.safetensors"
                    ]
                ],
                [
                    [
                        "m3",
                        "../../stable-diffusion-webui/tmp/sdxl/_x33-4Guofeng4XL_v12.safetensors"
                    ],
                    [
                        "m4",
                        "../../stable-diffusion-webui/tmp/sdxl/_x34-animeIllustDiffusion_v061.safetensors"
                    ]
                ],
                [
                    [
                        "m3",
                        "../../stable-diffusion-webui/tmp/sdxl/_x33-4Guofeng4XL_v12.safetensors"
                    ],
                    [
                        "m5",
                        "../../stable-diffusion-webui/tmp/sdxl/_x35-brightprotonukeBPNNo_bpn13.safetensors"
                    ]
                ],
                [
                    [
                        "m3",
                        "../../stable-diffusion-webui/tmp/sdxl/_x33-4Guofeng4XL_v12.safetensors"
                    ],
                    [
                        "m6",
                        "../../stable-diffusion-webui/tmp/sdxl/_x36-devlishphotorealism_sdxl15.safetensors"
                    ]
                ],
                [
                    [
                        "m3",
                        "../../stable-diffusion-webui/tmp/sdxl/_x33-4Guofeng4XL_v12.safetensors"
                    ],
                    [
                        "m7",
                        "../../stable-diffusion-webui/tmp/sdxl/_x37-himawarimix_xlV4.safetensors"
                    ]
                ],
                [
                    [
                        "m3",
                        "../../stable-diffusion-webui/tmp/sdxl/_x33-4Guofeng4XL_v12.safetensors"
                    ],
                    [
                        "m8",
                        "../../stable-diffusion-webui/tmp/sdxl/_x38-aio_v10.safetensors"
                    ]
                ],
                [
                    [
                        "m3",
                        "../../stable-diffusion-webui/tmp/sdxl/_x33-4Guofeng4XL_v12.safetensors"
                    ],
                    [
                        "m9",
                        "../../stable-diffusion-webui/tmp/sdxl/_x39-sakumix_v10.safetensors"
                    ]
                ],
                [
                    [
                        "m3",
                        "../../stable-diffusion-webui/tmp/sdxl/_x33-4Guofeng4XL_v12.safetensors"
                    ],
                    [
                        "m10",
                        "../../stable-diffusion-webui/tmp/sdxl/_x40-218xl_.safetensors"
                    ]
                ],
                [
                    [
                        "m3",
                        "../../stable-diffusion-webui/tmp/sdxl/_x33-4Guofeng4XL_v12.safetensors"
                    ],
                    [
                        "m11",
                        "../../stable-diffusion-webui/tmp/sdxl/_x41-riotDiffusionXLLeagueOfLegendsSplash_v20.safetensors"
                    ]
                ],
                [
                    [
                        "m4",
                        "../../stable-diffusion-webui/tmp/sdxl/_x34-animeIllustDiffusion_v061.safetensors"
                    ],
                    [
                        "m5",
                        "../../stable-diffusion-webui/tmp/sdxl/_x35-brightprotonukeBPNNo_bpn13.safetensors"
                    ]
                ],
                [
                    [
                        "m4",
                        "../../stable-diffusion-webui/tmp/sdxl/_x34-animeIllustDiffusion_v061.safetensors"
                    ],
                    [
                        "m6",
                        "../../stable-diffusion-webui/tmp/sdxl/_x36-devlishphotorealism_sdxl15.safetensors"
                    ]
                ],
                [
                    [
                        "m4",
                        "../../stable-diffusion-webui/tmp/sdxl/_x34-animeIllustDiffusion_v061.safetensors"
                    ],
                    [
                        "m7",
                        "../../stable-diffusion-webui/tmp/sdxl/_x37-himawarimix_xlV4.safetensors"
                    ]
                ],
                [
                    [
                        "m4",
                        "../../stable-diffusion-webui/tmp/sdxl/_x34-animeIllustDiffusion_v061.safetensors"
                    ],
                    [
                        "m8",
                        "../../stable-diffusion-webui/tmp/sdxl/_x38-aio_v10.safetensors"
                    ]
                ],
                [
                    [
                        "m4",
                        "../../stable-diffusion-webui/tmp/sdxl/_x34-animeIllustDiffusion_v061.safetensors"
                    ],
                    [
                        "m9",
                        "../../stable-diffusion-webui/tmp/sdxl/_x39-sakumix_v10.safetensors"
                    ]
                ],
                [
                    [
                        "m4",
                        "../../stable-diffusion-webui/tmp/sdxl/_x34-animeIllustDiffusion_v061.safetensors"
                    ],
                    [
                        "m10",
                        "../../stable-diffusion-webui/tmp/sdxl/_x40-218xl_.safetensors"
                    ]
                ],
                [
                    [
                        "m4",
                        "../../stable-diffusion-webui/tmp/sdxl/_x34-animeIllustDiffusion_v061.safetensors"
                    ],
                    [
                        "m11",
                        "../../stable-diffusion-webui/tmp/sdxl/_x41-riotDiffusionXLLeagueOfLegendsSplash_v20.safetensors"
                    ]
                ],
                [
                    [
                        "m5",
                        "../../stable-diffusion-webui/tmp/sdxl/_x35-brightprotonukeBPNNo_bpn13.safetensors"
                    ],
                    [
                        "m6",
                        "../../stable-diffusion-webui/tmp/sdxl/_x36-devlishphotorealism_sdxl15.safetensors"
                    ]
                ],
                [
                    [
                        "m5",
                        "../../stable-diffusion-webui/tmp/sdxl/_x35-brightprotonukeBPNNo_bpn13.safetensors"
                    ],
                    [
                        "m7",
                        "../../stable-diffusion-webui/tmp/sdxl/_x37-himawarimix_xlV4.safetensors"
                    ]
                ],
                [
                    [
                        "m5",
                        "../../stable-diffusion-webui/tmp/sdxl/_x35-brightprotonukeBPNNo_bpn13.safetensors"
                    ],
                    [
                        "m8",
                        "../../stable-diffusion-webui/tmp/sdxl/_x38-aio_v10.safetensors"
                    ]
                ],
                [
                    [
                        "m5",
                        "../../stable-diffusion-webui/tmp/sdxl/_x35-brightprotonukeBPNNo_bpn13.safetensors"
                    ],
                    [
                        "m9",
                        "../../stable-diffusion-webui/tmp/sdxl/_x39-sakumix_v10.safetensors"
                    ]
                ],
                [
                    [
                        "m5",
                        "../../stable-diffusion-webui/tmp/sdxl/_x35-brightprotonukeBPNNo_bpn13.safetensors"
                    ],
                    [
                        "m10",
                        "../../stable-diffusion-webui/tmp/sdxl/_x40-218xl_.safetensors"
                    ]
                ],
                [
                    [
                        "m5",
                        "../../stable-diffusion-webui/tmp/sdxl/_x35-brightprotonukeBPNNo_bpn13.safetensors"
                    ],
                    [
                        "m11",
                        "../../stable-diffusion-webui/tmp/sdxl/_x41-riotDiffusionXLLeagueOfLegendsSplash_v20.safetensors"
                    ]
                ],
                [
                    [
                        "m6",
                        "../../stable-diffusion-webui/tmp/sdxl/_x36-devlishphotorealism_sdxl15.safetensors"
                    ],
                    [
                        "m7",
                        "../../stable-diffusion-webui/tmp/sdxl/_x37-himawarimix_xlV4.safetensors"
                    ]
                ],
                [
                    [
                        "m6",
                        "../../stable-diffusion-webui/tmp/sdxl/_x36-devlishphotorealism_sdxl15.safetensors"
                    ],
                    [
                        "m8",
                        "../../stable-diffusion-webui/tmp/sdxl/_x38-aio_v10.safetensors"
                    ]
                ],
                [
                    [
                        "m6",
                        "../../stable-diffusion-webui/tmp/sdxl/_x36-devlishphotorealism_sdxl15.safetensors"
                    ],
                    [
                        "m9",
                        "../../stable-diffusion-webui/tmp/sdxl/_x39-sakumix_v10.safetensors"
                    ]
                ],
                [
                    [
                        "m6",
                        "../../stable-diffusion-webui/tmp/sdxl/_x36-devlishphotorealism_sdxl15.safetensors"
                    ],
                    [
                        "m10",
                        "../../stable-diffusion-webui/tmp/sdxl/_x40-218xl_.safetensors"
                    ]
                ],
                [
                    [
                        "m6",
                        "../../stable-diffusion-webui/tmp/sdxl/_x36-devlishphotorealism_sdxl15.safetensors"
                    ],
                    [
                        "m11",
                        "../../stable-diffusion-webui/tmp/sdxl/_x41-riotDiffusionXLLeagueOfLegendsSplash_v20.safetensors"
                    ]
                ],
                [
                    [
                        "m7",
                        "../../stable-diffusion-webui/tmp/sdxl/_x37-himawarimix_xlV4.safetensors"
                    ],
                    [
                        "m8",
                        "../../stable-diffusion-webui/tmp/sdxl/_x38-aio_v10.safetensors"
                    ]
                ],
                [
                    [
                        "m7",
                        "../../stable-diffusion-webui/tmp/sdxl/_x37-himawarimix_xlV4.safetensors"
                    ],
                    [
                        "m9",
                        "../../stable-diffusion-webui/tmp/sdxl/_x39-sakumix_v10.safetensors"
                    ]
                ],
                [
                    [
                        "m7",
                        "../../stable-diffusion-webui/tmp/sdxl/_x37-himawarimix_xlV4.safetensors"
                    ],
                    [
                        "m10",
                        "../../stable-diffusion-webui/tmp/sdxl/_x40-218xl_.safetensors"
                    ]
                ],
                [
                    [
                        "m7",
                        "../../stable-diffusion-webui/tmp/sdxl/_x37-himawarimix_xlV4.safetensors"
                    ],
                    [
                        "m11",
                        "../../stable-diffusion-webui/tmp/sdxl/_x41-riotDiffusionXLLeagueOfLegendsSplash_v20.safetensors"
                    ]
                ],
                [
                    [
                        "m8",
                        "../../stable-diffusion-webui/tmp/sdxl/_x38-aio_v10.safetensors"
                    ],
                    [
                        "m9",
                        "../../stable-diffusion-webui/tmp/sdxl/_x39-sakumix_v10.safetensors"
                    ]
                ],
                [
                    [
                        "m8",
                        "../../stable-diffusion-webui/tmp/sdxl/_x38-aio_v10.safetensors"
                    ],
                    [
                        "m10",
                        "../../stable-diffusion-webui/tmp/sdxl/_x40-218xl_.safetensors"
                    ]
                ],
                [
                    [
                        "m8",
                        "../../stable-diffusion-webui/tmp/sdxl/_x38-aio_v10.safetensors"
                    ],
                    [
                        "m11",
                        "../../stable-diffusion-webui/tmp/sdxl/_x41-riotDiffusionXLLeagueOfLegendsSplash_v20.safetensors"
                    ]
                ],
                [
                    [
                        "m9",
                        "../../stable-diffusion-webui/tmp/sdxl/_x39-sakumix_v10.safetensors"
                    ],
                    [
                        "m10",
                        "../../stable-diffusion-webui/tmp/sdxl/_x40-218xl_.safetensors"
                    ]
                ],
                [
                    [
                        "m9",
                        "../../stable-diffusion-webui/tmp/sdxl/_x39-sakumix_v10.safetensors"
                    ],
                    [
                        "m11",
                        "../../stable-diffusion-webui/tmp/sdxl/_x41-riotDiffusionXLLeagueOfLegendsSplash_v20.safetensors"
                    ]
                ],
                [
                    [
                        "m10",
                        "../../stable-diffusion-webui/tmp/sdxl/_x40-218xl_.safetensors"
                    ],
                    [
                        "m11",
                        "../../stable-diffusion-webui/tmp/sdxl/_x41-riotDiffusionXLLeagueOfLegendsSplash_v20.safetensors"
                    ]
                ]
            ]
        ]
    ],
    "dm": {
        "other": [
            [
                0.0,
                0.0,
                0.0,
                0.0,
                0.0,
                0.0,
                0.0,
                0.0,
                0.0,
                0.0,
                0.0,
                0.0
            ],
            [
                0.0,
                0.0,
                0.0,
                0.0,
                0.0,
                0.0,
                0.0,
                0.0,
                0.0,
                0.0,
                0.0,
                0.0
            ],
            [
                0.0,
                0.0,
                0.0,
                0.0,
                0.0,
                0.0,
                0.0,
                0.0,
                0.0,
                0.0,
                0.0,
                0.0
            ],
            [
                0.0,
                0.0,
                0.0,
                0.0,
                0.0,
                0.0,
                0.0,
                0.0,
                0.0,
                0.0,
                0.0,
                0.0
            ],
            [
                0.0,
                0.0,
                0.0,
                0.0,
                0.0,
                0.0,
                0.0,
                0.0,
                0.0,
                0.0,
                0.0,
                0.0
            ],
            [
                0.0,
                0.0,
                0.0,
                0.0,
                0.0,
                0.0,
                0.0,
                0.0,
                0.0,
                0.0,
                0.0,
                0.0
            ],
            [
                0.0,
                0.0,
                0.0,
                0.0,
                0.0,
                0.0,
                0.0,
                0.0,
                0.0,
                0.0,
                0.0,
                0.0
            ],
            [
                0.0,
                0.0,
                0.0,
                0.0,
                0.0,
                0.0,
                0.0,
                0.0,
                0.0,
                0.0,
                0.0,
                0.0
            ],
            [
                0.0,
                0.0,
                0.0,
                0.0,
                0.0,
                0.0,
                0.0,
                0.0,
                0.0,
                0.0,
                0.0,
                0.0
            ],
            [
                0.0,
                0.0,
                0.0,
                0.0,
                0.0,
                0.0,
                0.0,
                0.0,
                0.0,
                0.0,
                0.0,
                0.0
            ],
            [
                0.0,
                0.0,
                0.0,
                0.0,
                0.0,
                0.0,
                0.0,
                0.0,
                0.0,
                0.0,
                0.0,
                0.0
            ],
            [
                0.0,
                0.0,
                0.0,
                0.0,
                0.0,
                0.0,
                0.0,
                0.0,
                0.0,
                0.0,
                0.0,
                0.0
            ]
        ],
        "te": [
            [
                0.0,
                0.0,
                0.0,
                0.0,
                0.0,
                0.0,
                0.0,
                0.0,
                0.0,
                0.0,
                0.0,
                0.0
            ],
            [
                0.0,
                0.0,
                0.0,
                0.0,
                0.0,
                0.0,
                0.0,
                0.0,
                0.0,
                0.0,
                0.0,
                0.0
            ],
            [
                0.0,
                0.0,
                0.0,
                0.0,
                0.0,
                0.0,
                0.0,
                0.0,
                0.0,
                0.0,
                0.0,
                0.0
            ],
            [
                0.0,
                0.0,
                0.0,
                0.0,
                0.0,
                0.0,
                0.0,
                0.0,
                0.0,
                0.0,
                0.0,
                0.0
            ],
            [
                0.0,
                0.0,
                0.0,
                0.0,
                0.0,
                0.0,
                0.0,
                0.0,
                0.0,
                0.0,
                0.0,
                0.0
            ],
            [
                0.0,
                0.0,
                0.0,
                0.0,
                0.0,
                0.0,
                0.0,
                0.0,
                0.0,
                0.0,
                0.0,
                0.0
            ],
            [
                0.0,
                0.0,
                0.0,
                0.0,
                0.0,
                0.0,
                0.0,
                0.0,
                0.0,
                0.0,
                0.0,
                0.0
            ],
            [
                0.0,
                0.0,
                0.0,
                0.0,
                0.0,
                0.0,
                0.0,
                0.0,
                0.0,
                0.0,
                0.0,
                0.0
            ],
            [
                0.0,
                0.0,
                0.0,
                0.0,
                0.0,
                0.0,
                0.0,
                0.0,
                0.0,
                0.0,
                0.0,
                0.0
            ],
            [
                0.0,
                0.0,
                0.0,
                0.0,
                0.0,
                0.0,
                0.0,
                0.0,
                0.0,
                0.0,
                0.0,
                0.0
            ],
            [
                0.0,
                0.0,
                0.0,
                0.0,
                0.0,
                0.0,
                0.0,
                0.0,
                0.0,
                0.0,
                0.0,
                0.0
            ],
            [
                0.0,
                0.0,
                0.0,
                0.0,
                0.0,
                0.0,
                0.0,
                0.0,
                0.0,
                0.0,
                0.0,
                0.0
            ]
        ],
        "te0": [
            [
                0.0,
                16.573401184218763,
                0.8949704898949927,
                2.2118385510600893,
                21.552221187523365,
                3.708957339183869,
                2.5108572905072495,
                3.981690418771086,
                0.817871983280614,
                11.928663031063545,
                19.952422944167118,
                0.5514109659014618
            ],
            [
                16.573401184218763,
                0.0,
                16.564884005521126,
                16.688866825389574,
                25.98318807186318,
                16.956073233662714,
                16.74303013341448,
                16.772836177619382,
                16.593262639990936,
                19.769217824289484,
                24.789679470803947,
                16.547483348790294
            ],
            [
                0.8949704898949927,
                16.564884005521126,
                0.0,
                2.187271108458368,
                21.56563079175945,
                3.729227739157438,
                2.4246764934360217,
                4.016725786713639,
                1.1923189625432495,
                11.922799879341225,
                19.986337961738762,
                0.8314236892749277
            ],
            [
                2.2118385510600893,
                16.688866825389574,
                2.187271108458368,
                0.0,
                21.65034798753681,
                4.2265465472013295,
                3.0664135582390144,
                4.493533740726472,
                2.2974793599334293,
                12.089184545240878,
                20.060682731623565,
                2.2448304156836567
            ],
            [
                21.552221187523365,
                25.98318807186318,
                21.56563079175945,
                21.65034798753681,
                0.0,
                21.065244626548,
                21.3824026608003,
                21.66550878047965,
                21.57280898712786,
                24.29243131607663,
                18.201041009426593,
                21.54897937682892
            ],
            [
                3.708957339183869,
                16.956073233662714,
                3.729227739157438,
                4.2265465472013295,
                21.065244626548,
                0.0,
                3.9344865718152513,
                5.17174039351531,
                3.789445584847912,
                12.45890357572331,
                19.40429832249317,
                3.713794487997909
            ],
            [
                2.5108572905072495,
                16.74303013341448,
                2.4246764934360217,
                3.0664135582390144,
                21.3824026608003,
                3.9344865718152513,
                0.0,
                4.476349978848348,
                2.6234656107756975,
                12.166694446241548,
                19.746793836272353,
                2.546496851123234
            ],
            [
                3.981690418771086,
                16.772836177619382,
                4.016725786713639,
                4.493533740726472,
                21.66550878047965,
                5.17174039351531,
                4.476349978848348,
                0.0,
                4.041905430844594,
                8.441272432971669,
                20.113914483703038,
                3.953691480952157
            ],
            [
                0.817871983280614,
                16.593262639990936,
                1.1923189625432495,
                2.2974793599334293,
                21.57280898712786,
                3.789445584847912,
                2.6234656107756975,
                4.041905430844594,
                0.0,
                11.956756433399766,
                19.986262897269352,
                0.9860512124632851
            ],
            [
                11.928663031063545,
                19.769217824289484,
                11.922799879341225,
                12.089184545240878,
                24.29243131607663,
                12.45890357572331,
                12.166694446241548,
                8.441272432971669,
                11.956756433399766,
                0.0,
                22.893759139667846,
                11.907689942710416
            ],
            [
                19.952422944167118,
                24.789679470803947,
                19.986337961738762,
                20.060682731623565,
                18.201041009426593,
                19.40429832249317,
                19.746793836272353,
                20.113914483703038,
                19.986262897269352,
                22.893759139667846,
                0.0,
                19.95347679541875
            ],
            [
                0.5514109659014618,
                16.547483348790294,
                0.8314236892749277,
                2.2448304156836567,
                21.54897937682892,
                3.713794487997909,
                2.546496851123234,
                3.953691480952157,
                0.9860512124632851,
                11.907689942710416,
                19.95347679541875,
                0.0
            ]
        ],
        "te1": [
            [
                0.0,
                22.402915827324776,
                2.797140649876595,
                9.401695760131846,
                25.309493026632673,
                7.093960221162975,
                7.402799022074254,
                10.699878295480913,
                5.220932239331243,
                33.81396083064016,
                43.66656386553441,
                1.3950134517358757
            ],
            [
                22.402915827324776,
                0.0,
                22.352144145514995,
                24.054848731035413,
                30.5432128976715,
                23.35784716185672,
                23.389401190942277,
                22.70341772756811,
                22.97737871565186,
                37.051650520004884,
                46.87037283594401,
                22.277021357087317
            ],
            [
                2.797140649876595,
                22.352144145514995,
                0.0,
                8.977708617188988,
                25.40363575569934,
                6.700292310273105,
                6.169203249887626,
                10.800950364212563,
                5.7477341439256024,
                33.750690417139715,
                43.76152424076588,
                2.698806067181962
            ],
            [
                9.401695760131846,
                24.054848731035413,
                8.977708617188988,
                0.0,
                26.866046205927677,
                10.983054207467108,
                9.20914884552223,
                14.017404689314745,
                10.601027897981385,
                34.90543505976241,
                44.602068616723884,
                9.453320221905805
            ],
            [
                25.309493026632673,
                30.5432128976715,
                25.40363575569934,
                26.866046205927677,
                0.0,
                26.157726092215313,
                26.17684886426137,
                27.03525919960743,
                25.695525462822246,
                41.14747094169788,
                19.79719336682956,
                25.28278412860193
            ],
            [
                7.093960221162975,
