{
    "cm": [
        [
            "sdxl4",
            [
                [
                    [
                        "m0",
                        "../../stable-diffusion-webui/tmp/sdxl/_x12-bluePencilXL_v310.safetensors"
                    ],
                    [
                        "m1",
                        "../../stable-diffusion-webui/tmp/sdxl/_x13-leosamsHelloworldSDXL_helloworldSDXL32DPO.safetensors"
                    ]
                ],
                [
                    [
                        "m0",
                        "../../stable-diffusion-webui/tmp/sdxl/_x12-bluePencilXL_v310.safetensors"
                    ],
                    [
                        "m2",
                        "../../stable-diffusion-webui/tmp/sdxl/_x14-ponyDiffusionV6XL_v6.safetensors"
                    ]
                ],
                [
                    [
                        "m0",
                        "../../stable-diffusion-webui/tmp/sdxl/_x12-bluePencilXL_v310.safetensors"
                    ],
                    [
                        "m3",
                        "../../stable-diffusion-webui/tmp/sdxl/_x17-leosamsHelloworldSDXLModel_helloworldSDXL10.safetensors"
                    ]
                ],
                [
                    [
                        "m0",
                        "../../stable-diffusion-webui/tmp/sdxl/_x12-bluePencilXL_v310.safetensors"
                    ],
                    [
                        "m4",
                        "../../stable-diffusion-webui/tmp/sdxl/_x24-SwimInLatent-alpha.fp16.safetensors"
                    ]
                ],
                [
                    [
                        "m0",
                        "../../stable-diffusion-webui/tmp/sdxl/_x12-bluePencilXL_v310.safetensors"
                    ],
                    [
                        "m5",
                        "../../stable-diffusion-webui/tmp/sdxl/_x25-sd_xl_base_1.0.safetensors"
                    ]
                ],
                [
                    [
                        "m0",
                        "../../stable-diffusion-webui/tmp/sdxl/_x12-bluePencilXL_v310.safetensors"
                    ],
                    [
                        "m6",
                        "../../stable-diffusion-webui/tmp/sdxl/_x28-heartOfAppleXL_v10.safetensors"
                    ]
                ],
                [
                    [
                        "m0",
                        "../../stable-diffusion-webui/tmp/sdxl/_x12-bluePencilXL_v310.safetensors"
                    ],
                    [
                        "m7",
                        "../../stable-diffusion-webui/tmp/sdxl/_x29-kohakuXLGamma_rev1.safetensors"
                    ]
                ],
                [
                    [
                        "m0",
                        "../../stable-diffusion-webui/tmp/sdxl/_x12-bluePencilXL_v310.safetensors"
                    ],
                    [
                        "m8",
                        "../../stable-diffusion-webui/tmp/sdxl/_x39-sakumix_v10.safetensors"
                    ]
                ],
                [
                    [
                        "m0",
                        "../../stable-diffusion-webui/tmp/sdxl/_x12-bluePencilXL_v310.safetensors"
                    ],
                    [
                        "m9",
                        "../../stable-diffusion-webui/tmp/sdxl/_x40-218xl_.safetensors"
                    ]
                ],
                [
                    [
                        "m1",
                        "../../stable-diffusion-webui/tmp/sdxl/_x13-leosamsHelloworldSDXL_helloworldSDXL32DPO.safetensors"
                    ],
                    [
                        "m2",
                        "../../stable-diffusion-webui/tmp/sdxl/_x14-ponyDiffusionV6XL_v6.safetensors"
                    ]
                ],
                [
                    [
                        "m1",
                        "../../stable-diffusion-webui/tmp/sdxl/_x13-leosamsHelloworldSDXL_helloworldSDXL32DPO.safetensors"
                    ],
                    [
                        "m3",
                        "../../stable-diffusion-webui/tmp/sdxl/_x17-leosamsHelloworldSDXLModel_helloworldSDXL10.safetensors"
                    ]
                ],
                [
                    [
                        "m1",
                        "../../stable-diffusion-webui/tmp/sdxl/_x13-leosamsHelloworldSDXL_helloworldSDXL32DPO.safetensors"
                    ],
                    [
                        "m4",
                        "../../stable-diffusion-webui/tmp/sdxl/_x24-SwimInLatent-alpha.fp16.safetensors"
                    ]
                ],
                [
                    [
                        "m1",
                        "../../stable-diffusion-webui/tmp/sdxl/_x13-leosamsHelloworldSDXL_helloworldSDXL32DPO.safetensors"
                    ],
                    [
                        "m5",
                        "../../stable-diffusion-webui/tmp/sdxl/_x25-sd_xl_base_1.0.safetensors"
                    ]
                ],
                [
                    [
                        "m1",
                        "../../stable-diffusion-webui/tmp/sdxl/_x13-leosamsHelloworldSDXL_helloworldSDXL32DPO.safetensors"
                    ],
                    [
                        "m6",
                        "../../stable-diffusion-webui/tmp/sdxl/_x28-heartOfAppleXL_v10.safetensors"
                    ]
                ],
                [
                    [
                        "m1",
                        "../../stable-diffusion-webui/tmp/sdxl/_x13-leosamsHelloworldSDXL_helloworldSDXL32DPO.safetensors"
                    ],
                    [
                        "m7",
                        "../../stable-diffusion-webui/tmp/sdxl/_x29-kohakuXLGamma_rev1.safetensors"
                    ]
                ],
                [
                    [
                        "m1",
                        "../../stable-diffusion-webui/tmp/sdxl/_x13-leosamsHelloworldSDXL_helloworldSDXL32DPO.safetensors"
                    ],
                    [
                        "m8",
                        "../../stable-diffusion-webui/tmp/sdxl/_x39-sakumix_v10.safetensors"
                    ]
                ],
                [
                    [
                        "m1",
                        "../../stable-diffusion-webui/tmp/sdxl/_x13-leosamsHelloworldSDXL_helloworldSDXL32DPO.safetensors"
                    ],
                    [
                        "m9",
                        "../../stable-diffusion-webui/tmp/sdxl/_x40-218xl_.safetensors"
                    ]
                ],
                [
                    [
                        "m2",
                        "../../stable-diffusion-webui/tmp/sdxl/_x14-ponyDiffusionV6XL_v6.safetensors"
                    ],
                    [
                        "m3",
                        "../../stable-diffusion-webui/tmp/sdxl/_x17-leosamsHelloworldSDXLModel_helloworldSDXL10.safetensors"
                    ]
                ],
                [
                    [
                        "m2",
                        "../../stable-diffusion-webui/tmp/sdxl/_x14-ponyDiffusionV6XL_v6.safetensors"
                    ],
                    [
                        "m4",
                        "../../stable-diffusion-webui/tmp/sdxl/_x24-SwimInLatent-alpha.fp16.safetensors"
                    ]
                ],
                [
                    [
                        "m2",
                        "../../stable-diffusion-webui/tmp/sdxl/_x14-ponyDiffusionV6XL_v6.safetensors"
                    ],
                    [
                        "m5",
                        "../../stable-diffusion-webui/tmp/sdxl/_x25-sd_xl_base_1.0.safetensors"
                    ]
                ],
                [
                    [
                        "m2",
                        "../../stable-diffusion-webui/tmp/sdxl/_x14-ponyDiffusionV6XL_v6.safetensors"
                    ],
                    [
                        "m6",
                        "../../stable-diffusion-webui/tmp/sdxl/_x28-heartOfAppleXL_v10.safetensors"
                    ]
                ],
                [
                    [
                        "m2",
                        "../../stable-diffusion-webui/tmp/sdxl/_x14-ponyDiffusionV6XL_v6.safetensors"
                    ],
                    [
                        "m7",
                        "../../stable-diffusion-webui/tmp/sdxl/_x29-kohakuXLGamma_rev1.safetensors"
                    ]
                ],
                [
                    [
                        "m2",
                        "../../stable-diffusion-webui/tmp/sdxl/_x14-ponyDiffusionV6XL_v6.safetensors"
                    ],
                    [
                        "m8",
                        "../../stable-diffusion-webui/tmp/sdxl/_x39-sakumix_v10.safetensors"
                    ]
                ],
                [
                    [
                        "m2",
                        "../../stable-diffusion-webui/tmp/sdxl/_x14-ponyDiffusionV6XL_v6.safetensors"
                    ],
                    [
                        "m9",
                        "../../stable-diffusion-webui/tmp/sdxl/_x40-218xl_.safetensors"
                    ]
                ],
                [
                    [
                        "m3",
                        "../../stable-diffusion-webui/tmp/sdxl/_x17-leosamsHelloworldSDXLModel_helloworldSDXL10.safetensors"
                    ],
                    [
                        "m4",
                        "../../stable-diffusion-webui/tmp/sdxl/_x24-SwimInLatent-alpha.fp16.safetensors"
                    ]
                ],
                [
                    [
                        "m3",
                        "../../stable-diffusion-webui/tmp/sdxl/_x17-leosamsHelloworldSDXLModel_helloworldSDXL10.safetensors"
                    ],
                    [
                        "m5",
                        "../../stable-diffusion-webui/tmp/sdxl/_x25-sd_xl_base_1.0.safetensors"
                    ]
                ],
                [
                    [
                        "m3",
                        "../../stable-diffusion-webui/tmp/sdxl/_x17-leosamsHelloworldSDXLModel_helloworldSDXL10.safetensors"
                    ],
                    [
                        "m6",
                        "../../stable-diffusion-webui/tmp/sdxl/_x28-heartOfAppleXL_v10.safetensors"
                    ]
                ],
                [
                    [
                        "m3",
                        "../../stable-diffusion-webui/tmp/sdxl/_x17-leosamsHelloworldSDXLModel_helloworldSDXL10.safetensors"
                    ],
                    [
                        "m7",
                        "../../stable-diffusion-webui/tmp/sdxl/_x29-kohakuXLGamma_rev1.safetensors"
                    ]
                ],
                [
                    [
                        "m3",
                        "../../stable-diffusion-webui/tmp/sdxl/_x17-leosamsHelloworldSDXLModel_helloworldSDXL10.safetensors"
                    ],
                    [
                        "m8",
                        "../../stable-diffusion-webui/tmp/sdxl/_x39-sakumix_v10.safetensors"
                    ]
                ],
                [
                    [
                        "m3",
                        "../../stable-diffusion-webui/tmp/sdxl/_x17-leosamsHelloworldSDXLModel_helloworldSDXL10.safetensors"
                    ],
                    [
                        "m9",
                        "../../stable-diffusion-webui/tmp/sdxl/_x40-218xl_.safetensors"
                    ]
                ],
                [
                    [
                        "m4",
                        "../../stable-diffusion-webui/tmp/sdxl/_x24-SwimInLatent-alpha.fp16.safetensors"
                    ],
                    [
                        "m5",
                        "../../stable-diffusion-webui/tmp/sdxl/_x25-sd_xl_base_1.0.safetensors"
                    ]
                ],
                [
                    [
                        "m4",
                        "../../stable-diffusion-webui/tmp/sdxl/_x24-SwimInLatent-alpha.fp16.safetensors"
                    ],
                    [
                        "m6",
                        "../../stable-diffusion-webui/tmp/sdxl/_x28-heartOfAppleXL_v10.safetensors"
                    ]
                ],
                [
                    [
                        "m4",
                        "../../stable-diffusion-webui/tmp/sdxl/_x24-SwimInLatent-alpha.fp16.safetensors"
                    ],
                    [
                        "m7",
                        "../../stable-diffusion-webui/tmp/sdxl/_x29-kohakuXLGamma_rev1.safetensors"
                    ]
                ],
                [
                    [
                        "m4",
                        "../../stable-diffusion-webui/tmp/sdxl/_x24-SwimInLatent-alpha.fp16.safetensors"
                    ],
                    [
                        "m8",
                        "../../stable-diffusion-webui/tmp/sdxl/_x39-sakumix_v10.safetensors"
                    ]
                ],
                [
                    [
                        "m4",
                        "../../stable-diffusion-webui/tmp/sdxl/_x24-SwimInLatent-alpha.fp16.safetensors"
                    ],
                    [
                        "m9",
                        "../../stable-diffusion-webui/tmp/sdxl/_x40-218xl_.safetensors"
                    ]
                ],
                [
                    [
                        "m5",
                        "../../stable-diffusion-webui/tmp/sdxl/_x25-sd_xl_base_1.0.safetensors"
                    ],
                    [
                        "m6",
                        "../../stable-diffusion-webui/tmp/sdxl/_x28-heartOfAppleXL_v10.safetensors"
                    ]
                ],
                [
                    [
                        "m5",
                        "../../stable-diffusion-webui/tmp/sdxl/_x25-sd_xl_base_1.0.safetensors"
                    ],
                    [
                        "m7",
                        "../../stable-diffusion-webui/tmp/sdxl/_x29-kohakuXLGamma_rev1.safetensors"
                    ]
                ],
                [
                    [
                        "m5",
                        "../../stable-diffusion-webui/tmp/sdxl/_x25-sd_xl_base_1.0.safetensors"
                    ],
                    [
                        "m8",
                        "../../stable-diffusion-webui/tmp/sdxl/_x39-sakumix_v10.safetensors"
                    ]
                ],
                [
                    [
                        "m5",
                        "../../stable-diffusion-webui/tmp/sdxl/_x25-sd_xl_base_1.0.safetensors"
                    ],
                    [
                        "m9",
                        "../../stable-diffusion-webui/tmp/sdxl/_x40-218xl_.safetensors"
                    ]
                ],
                [
                    [
                        "m6",
                        "../../stable-diffusion-webui/tmp/sdxl/_x28-heartOfAppleXL_v10.safetensors"
                    ],
                    [
                        "m7",
                        "../../stable-diffusion-webui/tmp/sdxl/_x29-kohakuXLGamma_rev1.safetensors"
                    ]
                ],
                [
                    [
                        "m6",
                        "../../stable-diffusion-webui/tmp/sdxl/_x28-heartOfAppleXL_v10.safetensors"
                    ],
                    [
                        "m8",
                        "../../stable-diffusion-webui/tmp/sdxl/_x39-sakumix_v10.safetensors"
                    ]
                ],
                [
                    [
                        "m6",
                        "../../stable-diffusion-webui/tmp/sdxl/_x28-heartOfAppleXL_v10.safetensors"
                    ],
                    [
                        "m9",
                        "../../stable-diffusion-webui/tmp/sdxl/_x40-218xl_.safetensors"
                    ]
                ],
                [
                    [
                        "m7",
                        "../../stable-diffusion-webui/tmp/sdxl/_x29-kohakuXLGamma_rev1.safetensors"
                    ],
                    [
                        "m8",
                        "../../stable-diffusion-webui/tmp/sdxl/_x39-sakumix_v10.safetensors"
                    ]
                ],
                [
                    [
                        "m7",
                        "../../stable-diffusion-webui/tmp/sdxl/_x29-kohakuXLGamma_rev1.safetensors"
                    ],
                    [
                        "m9",
                        "../../stable-diffusion-webui/tmp/sdxl/_x40-218xl_.safetensors"
                    ]
                ],
                [
                    [
                        "m8",
                        "../../stable-diffusion-webui/tmp/sdxl/_x39-sakumix_v10.safetensors"
                    ],
                    [
                        "m9",
                        "../../stable-diffusion-webui/tmp/sdxl/_x40-218xl_.safetensors"
                    ]
                ]
            ]
        ]
    ],
    "dm": {
        "other": [
            [
                0.0,
                0.0,
                0.0,
                0.0,
                0.0,
                0.0,
                0.0,
                0.0,
                0.0,
                0.0
            ],
            [
                0.0,
                0.0,
                0.0,
                0.0,
                0.0,
                0.0,
                0.0,
                0.0,
                0.0,
                0.0
            ],
            [
                0.0,
                0.0,
                0.0,
                0.0,
                0.0,
                0.0,
                0.0,
                0.0,
                0.0,
                0.0
            ],
            [
                0.0,
                0.0,
                0.0,
                0.0,
                0.0,
                0.0,
                0.0,
                0.0,
                0.0,
                0.0
            ],
            [
                0.0,
                0.0,
                0.0,
                0.0,
                0.0,
                0.0,
                0.0,
                0.0,
                0.0,
                0.0
            ],
            [
                0.0,
                0.0,
                0.0,
                0.0,
                0.0,
                0.0,
                0.0,
                0.0,
                0.0,
                0.0
            ],
            [
                0.0,
                0.0,
                0.0,
                0.0,
                0.0,
                0.0,
                0.0,
                0.0,
                0.0,
                0.0
            ],
            [
                0.0,
                0.0,
                0.0,
                0.0,
                0.0,
                0.0,
                0.0,
                0.0,
                0.0,
                0.0
            ],
            [
                0.0,
                0.0,
                0.0,
                0.0,
                0.0,
                0.0,
                0.0,
                0.0,
                0.0,
                0.0
            ],
            [
                0.0,
                0.0,
                0.0,
                0.0,
                0.0,
                0.0,
                0.0,
                0.0,
                0.0,
                0.0
            ]
        ],
        "te": [
            [
                0.0,
                0.0,
                0.0,
                0.0,
                0.0,
                0.0,
                0.0,
                0.0,
                0.0,
                0.0
            ],
            [
                0.0,
                0.0,
                0.0,
                0.0,
                0.0,
                0.0,
                0.0,
                0.0,
                0.0,
                0.0
            ],
            [
                0.0,
                0.0,
                0.0,
                0.0,
                0.0,
                0.0,
                0.0,
                0.0,
                0.0,
                0.0
            ],
            [
                0.0,
                0.0,
                0.0,
                0.0,
                0.0,
                0.0,
                0.0,
                0.0,
                0.0,
                0.0
            ],
            [
                0.0,
                0.0,
                0.0,
                0.0,
                0.0,
                0.0,
                0.0,
                0.0,
                0.0,
                0.0
            ],
            [
                0.0,
                0.0,
                0.0,
                0.0,
                0.0,
                0.0,
                0.0,
                0.0,
                0.0,
                0.0
            ],
            [
                0.0,
                0.0,
                0.0,
                0.0,
                0.0,
                0.0,
                0.0,
                0.0,
                0.0,
                0.0
            ],
            [
                0.0,
                0.0,
                0.0,
                0.0,
                0.0,
                0.0,
                0.0,
                0.0,
                0.0,
                0.0
            ],
            [
                0.0,
                0.0,
                0.0,
                0.0,
                0.0,
                0.0,
                0.0,
                0.0,
                0.0,
                0.0
            ],
            [
                0.0,
                0.0,
                0.0,
                0.0,
                0.0,
                0.0,
                0.0,
                0.0,
                0.0,
                0.0
            ]
        ],
        "te0": [
            [
                0.0,
                3.3665046593856687,
                61.14315689315154,
                0.5514109659014618,
                0.5514109659014618,
                0.0,
                12.943792074243554,
                12.190991760838472,
                11.928663031063545,
                19.952422944167118
            ],
            [
                3.3665046593856687,
                0.0,
                61.29763567296514,
                3.326854427634624,
                3.326854427634624,
                3.3665046593856687,
                13.325499703687507,
                12.607263951205653,
                12.346202196801908,
                20.14871792477468
            ],
            [
                61.14315689315154,
                61.29763567296514,
                0.0,
                61.14485594955892,
                61.14485594955892,
                61.14315689315154,
                62.288904477151945,
                62.11100825687927,
                62.10151155157438,
                69.10979684034854
            ],
            [
                0.5514109659014618,
                3.326854427634624,
                61.14485594955892,
                0.0,
                0.0,
                0.5514109659014618,
                12.921324721363542,
                12.174466930142946,
                11.907689942710416,
                19.95347679541875
            ],
            [
                0.5514109659014618,
                3.326854427634624,
                61.14485594955892,
                0.0,
                0.0,
                0.5514109659014618,
                12.921324721363542,
                12.174466930142946,
                11.907689942710416,
                19.95347679541875
            ],
            [
                0.0,
                3.3665046593856687,
                61.14315689315154,
                0.5514109659014618,
                0.5514109659014618,
                0.0,
                12.943792074243554,
                12.190991760838472,
                11.928663031063545,
                19.952422944167118
            ],
            [
                12.943792074243554,
                13.325499703687507,
                62.288904477151945,
                12.921324721363542,
                12.921324721363542,
                12.943792074243554,
                0.0,
                7.609146948829,
                1.019284867619994,
                23.40704349101168
            ],
            [
                12.190991760838472,
                12.607263951205653,
                62.11100825687927,
                12.174466930142946,
                12.174466930142946,
                12.190991760838472,
                7.609146948829,
                0.0,
                7.271357986887967,
                22.802152575348323
            ],
            [
                11.928663031063545,
                12.346202196801908,
                62.10151155157438,
                11.907689942710416,
                11.907689942710416,
                11.928663031063545,
                1.019284867619994,
                7.271357986887967,
                0.0,
                22.893759139667846
            ],
            [
                19.952422944167118,
                20.14871792477468,
                69.10979684034854,
                19.95347679541875,
                19.95347679541875,
                19.952422944167118,
                23.40704349101168,
                22.802152575348323,
                22.893759139667846,
                0.0
            ]
        ],
        "te1": [
            [
                0.0,
                20.904682698576696,
                163.06225433190636,
                17.079546564305865,
                37.05274682256673,
                17.35456496184179,
                37.57134689157419,
                38.24328406802338,
                35.108372115852525,
                43.16044977563755
            ],
            [
                20.904682698576696,
                0.0,
                162.08918318548356,
                12.79402400100431,
                35.28784476872133,
                12.858668521747596,
                38.19787251325892,
                37.91142242179402,
                36.049785651673716,
                45.311742085364386
            ],
            [
                163.06225433190636,
                162.08918318548356,
                0.0,
                161.43478307765352,
                164.22247304712835,
                161.43090244966677,
                163.8623732603637,
                163.95051552577496,
                163.53968269851325,
                177.5828799428822
            ],
            [
                17.079546564305865,
                12.79402400100431,
                161.43478307765352,
                0.0,
                32.88685053761,
                1.3950134517358757,
                36.023229611987986,
                35.728259242298336,
                33.75388126763001,
                43.67196625505922
            ],
            [
                37.05274682256673,
                35.28784476872133,
                164.22247304712835,
                32.88685053761,
                0.0,
                32.91544804968751,
                48.73461525112059,
                48.523064976330836,
                47.08199393213939,
                53.14336528788995
            ],
            [
                17.35456496184179,
                12.858668521747596,
                161.43090244966677,
                1.3950134517358757,
                32.91544804968751,
                0.0,
                36.07692134620584,
                35.76527563859172,
                33.81396083064016,
                43.66656386553441
            ],
            [
                37.57134689157419,
                38.19787251325892,
                163.8623732603637,
                36.023229611987986,
                48.73461525112059,
                36.07692134620584,
                0.0,
                24.83393858993158,
                2.4894988613169655,
                56.28752952615525
            ],
            [
                38.24328406802338,
                37.91142242179402,
                163.95051552577496,
                35.728259242298336,
                48.523064976330836,
                35.76527563859172,
                24.83393858993158,
                0.0,
                24.141882006304275,
                55.926316511187956
            ],
            [
                35.108372115852525,
                36.049785651673716,
                163.53968269851325,
                33.75388126763001,
                47.08199393213939,
                33.81396083064016,
                2.4894988613169655,
                24.141882006304275,
                0.0,
                54.69063592024688
            ],
            [
                43.16044977563755,
                45.311742085364386,
                177.5828799428822,
                43.67196625505922,
                53.14336528788995,
                43.66656386553441,
                56.28752952615525,
                55.926316511187956,
                54.69063592024688,
                0.0
            ]
        ],
        "unet": [
            [
                0.0,
                75.63799549880378,
                686.9397552216747,
                75.4821544946531,
                103.16603156379428,
                74.28608460612222,
                183.27620174465784,
                235.83421581147064,
                120.71535388096625,
                109.71585572069958
            ],
            [
                75.63799549880378,
                0.0,
                689.1196318001009,
                30.803433483536995,
                92.71887412368432,
                30.792333043711636,
                207.84463589237308,
                246.54745779358038,
                147.4861496058518,
                128.40000316473942
            ],
            [
                686.9397552216747,
                689.1196318001009,
                0.0,
                688.2373692090742,
                691.6633847767397,
                688.1174272354716,
                689.6615302389354,
                692.881713556466,
                680.9869520630444,
                688.1395168490455
            ],
            [
                75.4821544946531,
                30.803433483536995,
                688.2373692090742,
                0.0,
                89.69144322974203,
                15.176961112391606,
                207.80462747771466,
                245.86793818736447,
                147.16727078209982,
                127.40026786620193
            ],
            [
                103.16603156379428,
                92.71887412368432,
                691.6633847767397,
                89.69144322974203,
                0.0,
                88.55914797733915,
                226.1846905358331,
                260.3454141373346,
                168.74914520504242,
                146.35557659446036
            ],
            [
                74.28608460612222,
                30.792333043711636,
                688.1174272354716,
                15.176961112391606,
                88.55914797733915,
                0.0,
                207.43380216398077,
                245.5021405159285,
                146.58282525780513,
                126.66291847408256
            ],
            [
                183.27620174465784,
                207.84463589237308,
                689.6615302389354,
                207.80462747771466,
                226.1846905358331,
                207.43380216398077,
                0.0,
                219.87019664242612,
                110.68677898303477,
                209.5210850799726
            ],
            [
                235.83421581147064,
                246.54745779358038,
                692.881713556466,
                245.86793818736447,
                260.3454141373346,
                245.5021405159285,
                219.87019664242612,
                0.0,
                199.39157969762618,
                254.57494936077663
            ],
            [
                120.71535388096625,
                147.4861496058518,
                680.9869520630444,
                147.16727078209982,
                168.74914520504242,
                146.58282525780513,
                110.68677898303477,
                199.39157969762618,
                0.0,
                158.77876516543444
            ],
            [
                109.71585572069958,
                128.40000316473942,
                688.1395168490455,
                127.40026786620193,
                146.35557659446036,
                126.66291847408256,
                209.5210850799726,
                254.57494936077663,
                158.77876516543444,
                0.0
            ]
        ],
        "vae": [
            [
                0.0,
                3463.4170955241993,
                0.0,
                3463.480235528302,
                777.5573217058277,
                3463.4190335234016,
                0.0,
                0.0,
                3463.4170955241993,
                3327.5935283062545
            ],
            [
                3463.4170955241993,
                0.0,
                3463.4170955241993,
                6.93295764162473,
                3061.3239106508126,
                9.74172619997354,
                3463.4170955241993,
                3463.4170955241993,
                0.0,
                136.1539319095384
            ],
            [
                0.0,
                3463.4170955241993,
                0.0,
                3463.480235528302,
                777.5573217058277,
                3463.4190335234016,
                0.0,
                0.0,
                3463.4170955241993,
                3327.5935283062545
            ],
            [
                3463.480235528302,
                6.93295764162473,
                3463.480235528302,
                0.0,
                3061.3133095102326,
                11.956411048904874,
                3463.480235528302,
                3463.480235528302,
                6.93295764162473,
                136.2801188168276
            ],
            [
                777.5573217058277,
                3061.3239106508126,
                777.5573217058277,
                3061.3133095102326,
                0.0,
                3061.327421620979,
                777.5573217058277,
                777.5573217058277,
                3061.3239106508126,
                2928.4901274037834
            ],
            [
                3463.4190335234016,
                9.74172619997354,
                3463.4190335234016,
                11.956411048904874,
                3061.327421620979,
                0.0,
                3463.4190335234016,
                3463.4190335234016,
                9.74172619997354,
                135.82052286917286
            ],
            [
                0.0,
                3463.4170955241993,
                0.0,
                3463.480235528302,
                777.5573217058277,
                3463.4190335234016,
                0.0,
                0.0,
                3463.4170955241993,
                3327.5935283062545
            ],
            [
                0.0,
                3463.4170955241993,
                0.0,
                3463.480235528302,
                777.5573217058277,
                3463.4190335234016,
                0.0,
                0.0,
                3463.4170955241993,
                3327.5935283062545
            ],
            [
                3463.4170955241993,
                0.0,
                3463.4170955241993,
                6.93295764162473,
                3061.3239106508126,
                9.74172619997354,
                3463.4170955241993,
                3463.4170955241993,
                0.0,
                136.1539319095384
            ],
            [
                3327.5935283062545,
                136.1539319095384,
                3327.5935283062545,
                136.2801188168276,
                2928.4901274037834,
                135.82052286917286,
                3327.5935283062545,
                3327.5935283062545,
                136.1539319095384,
                0.0
            ]
        ]
    },
    "ml": [
        "_x12-bluePencilXL_v310.safetensors",
        "_x13-leosamsHelloworldSDXL_helloworldSDXL32DPO.safetensors",
        "_x14-ponyDiffusionV6XL_v6.safetensors",
        "_x17-leosamsHelloworldSDXLModel_helloworldSDXL10.safetensors",
        "_x24-SwimInLatent-alpha.fp16.safetensors",
        "_x25-sd_xl_base_1.0.safetensors",
        "_x28-heartOfAppleXL_v10.safetensors",
        "_x29-kohakuXLGamma_rev1.safetensors",
        "_x39-sakumix_v10.safetensors",
        "_x40-218xl_.safetensors"
    ]
}