{
    "cm": [
        [
            "sdxl5",
            [
                [
                    [
                        "m0",
                        "../../stable-diffusion-webui/tmp/sdxl/_x25-sd_xl_base_1.0.safetensors"
                    ],
                    [
                        "m1",
                        "../../stable-diffusion-webui/tmp/sdxl/_x41-riotDiffusionXLLeagueOfLegendsSplash_v20.safetensors"
                    ]
                ],
                [
                    [
                        "m0",
                        "../../stable-diffusion-webui/tmp/sdxl/_x25-sd_xl_base_1.0.safetensors"
                    ],
                    [
                        "m2",
                        "../../stable-diffusion-webui/tmp/sdxl/_x42-himawarimix_xlV5.safetensors"
                    ]
                ],
                [
                    [
                        "m0",
                        "../../stable-diffusion-webui/tmp/sdxl/_x25-sd_xl_base_1.0.safetensors"
                    ],
                    [
                        "m3",
                        "../../stable-diffusion-webui/tmp/sdxl/_x43-SDXLAnimeBulldozer_v20.safetensors"
                    ]
                ],
                [
                    [
                        "m0",
                        "../../stable-diffusion-webui/tmp/sdxl/_x25-sd_xl_base_1.0.safetensors"
                    ],
                    [
                        "m4",
                        "../../stable-diffusion-webui/tmp/sdxl/_x44-kohakuXLGamma_rev2.safetensors"
                    ]
                ],
                [
                    [
                        "m0",
                        "../../stable-diffusion-webui/tmp/sdxl/_x25-sd_xl_base_1.0.safetensors"
                    ],
                    [
                        "m5",
                        "../../stable-diffusion-webui/tmp/sdxl/_x45-awmo-xl.safetensors"
                    ]
                ],
                [
                    [
                        "m0",
                        "../../stable-diffusion-webui/tmp/sdxl/_x25-sd_xl_base_1.0.safetensors"
                    ],
                    [
                        "m6",
                        "../../stable-diffusion-webui/tmp/sdxl/_x46-realvisxlV30Turbo_v30Bakedvae.safetensors"
                    ]
                ],
                [
                    [
                        "m0",
                        "../../stable-diffusion-webui/tmp/sdxl/_x25-sd_xl_base_1.0.safetensors"
                    ],
                    [
                        "m7",
                        "../../stable-diffusion-webui/tmp/sdxl/_x47-jruTheJourneyRemains_v10XL.safetensors"
                    ]
                ],
                [
                    [
                        "m0",
                        "../../stable-diffusion-webui/tmp/sdxl/_x25-sd_xl_base_1.0.safetensors"
                    ],
                    [
                        "m8",
                        "../../stable-diffusion-webui/tmp/sdxl/_x48-js2prony_v10.safetensors"
                    ]
                ],
                [
                    [
                        "m0",
                        "../../stable-diffusion-webui/tmp/sdxl/_x25-sd_xl_base_1.0.safetensors"
                    ],
                    [
                        "m9",
                        "../../stable-diffusion-webui/tmp/sdxl/_x49-heartOfAppleXL_v20.safetensors"
                    ]
                ],
                [
                    [
                        "m0",
                        "../../stable-diffusion-webui/tmp/sdxl/_x25-sd_xl_base_1.0.safetensors"
                    ],
                    [
                        "m10",
                        "../../stable-diffusion-webui/tmp/sdxl/_x50-auroraXLBasePonyXL_v10.safetensors"
                    ]
                ],
                [
                    [
                        "m1",
                        "../../stable-diffusion-webui/tmp/sdxl/_x41-riotDiffusionXLLeagueOfLegendsSplash_v20.safetensors"
                    ],
                    [
                        "m2",
                        "../../stable-diffusion-webui/tmp/sdxl/_x42-himawarimix_xlV5.safetensors"
                    ]
                ],
                [
                    [
                        "m1",
                        "../../stable-diffusion-webui/tmp/sdxl/_x41-riotDiffusionXLLeagueOfLegendsSplash_v20.safetensors"
                    ],
                    [
                        "m3",
                        "../../stable-diffusion-webui/tmp/sdxl/_x43-SDXLAnimeBulldozer_v20.safetensors"
                    ]
                ],
                [
                    [
                        "m1",
                        "../../stable-diffusion-webui/tmp/sdxl/_x41-riotDiffusionXLLeagueOfLegendsSplash_v20.safetensors"
                    ],
                    [
                        "m4",
                        "../../stable-diffusion-webui/tmp/sdxl/_x44-kohakuXLGamma_rev2.safetensors"
                    ]
                ],
                [
                    [
                        "m1",
                        "../../stable-diffusion-webui/tmp/sdxl/_x41-riotDiffusionXLLeagueOfLegendsSplash_v20.safetensors"
                    ],
                    [
                        "m5",
                        "../../stable-diffusion-webui/tmp/sdxl/_x45-awmo-xl.safetensors"
                    ]
                ],
                [
                    [
                        "m1",
                        "../../stable-diffusion-webui/tmp/sdxl/_x41-riotDiffusionXLLeagueOfLegendsSplash_v20.safetensors"
                    ],
                    [
                        "m6",
                        "../../stable-diffusion-webui/tmp/sdxl/_x46-realvisxlV30Turbo_v30Bakedvae.safetensors"
                    ]
                ],
                [
                    [
                        "m1",
                        "../../stable-diffusion-webui/tmp/sdxl/_x41-riotDiffusionXLLeagueOfLegendsSplash_v20.safetensors"
                    ],
                    [
                        "m7",
                        "../../stable-diffusion-webui/tmp/sdxl/_x47-jruTheJourneyRemains_v10XL.safetensors"
                    ]
                ],
                [
                    [
                        "m1",
                        "../../stable-diffusion-webui/tmp/sdxl/_x41-riotDiffusionXLLeagueOfLegendsSplash_v20.safetensors"
                    ],
                    [
                        "m8",
                        "../../stable-diffusion-webui/tmp/sdxl/_x48-js2prony_v10.safetensors"
                    ]
                ],
                [
                    [
                        "m1",
                        "../../stable-diffusion-webui/tmp/sdxl/_x41-riotDiffusionXLLeagueOfLegendsSplash_v20.safetensors"
                    ],
                    [
                        "m9",
                        "../../stable-diffusion-webui/tmp/sdxl/_x49-heartOfAppleXL_v20.safetensors"
                    ]
                ],
                [
                    [
                        "m1",
                        "../../stable-diffusion-webui/tmp/sdxl/_x41-riotDiffusionXLLeagueOfLegendsSplash_v20.safetensors"
                    ],
                    [
                        "m10",
                        "../../stable-diffusion-webui/tmp/sdxl/_x50-auroraXLBasePonyXL_v10.safetensors"
                    ]
                ],
                [
                    [
                        "m2",
                        "../../stable-diffusion-webui/tmp/sdxl/_x42-himawarimix_xlV5.safetensors"
                    ],
                    [
                        "m3",
                        "../../stable-diffusion-webui/tmp/sdxl/_x43-SDXLAnimeBulldozer_v20.safetensors"
                    ]
                ],
                [
                    [
                        "m2",
                        "../../stable-diffusion-webui/tmp/sdxl/_x42-himawarimix_xlV5.safetensors"
                    ],
                    [
                        "m4",
                        "../../stable-diffusion-webui/tmp/sdxl/_x44-kohakuXLGamma_rev2.safetensors"
                    ]
                ],
                [
                    [
                        "m2",
                        "../../stable-diffusion-webui/tmp/sdxl/_x42-himawarimix_xlV5.safetensors"
                    ],
                    [
                        "m5",
                        "../../stable-diffusion-webui/tmp/sdxl/_x45-awmo-xl.safetensors"
                    ]
                ],
                [
                    [
                        "m2",
                        "../../stable-diffusion-webui/tmp/sdxl/_x42-himawarimix_xlV5.safetensors"
                    ],
                    [
                        "m6",
                        "../../stable-diffusion-webui/tmp/sdxl/_x46-realvisxlV30Turbo_v30Bakedvae.safetensors"
                    ]
                ],
                [
                    [
                        "m2",
                        "../../stable-diffusion-webui/tmp/sdxl/_x42-himawarimix_xlV5.safetensors"
                    ],
                    [
                        "m7",
                        "../../stable-diffusion-webui/tmp/sdxl/_x47-jruTheJourneyRemains_v10XL.safetensors"
                    ]
                ],
                [
                    [
                        "m2",
                        "../../stable-diffusion-webui/tmp/sdxl/_x42-himawarimix_xlV5.safetensors"
                    ],
                    [
                        "m8",
                        "../../stable-diffusion-webui/tmp/sdxl/_x48-js2prony_v10.safetensors"
                    ]
                ],
                [
                    [
                        "m2",
                        "../../stable-diffusion-webui/tmp/sdxl/_x42-himawarimix_xlV5.safetensors"
                    ],
                    [
                        "m9",
                        "../../stable-diffusion-webui/tmp/sdxl/_x49-heartOfAppleXL_v20.safetensors"
                    ]
                ],
                [
                    [
                        "m2",
                        "../../stable-diffusion-webui/tmp/sdxl/_x42-himawarimix_xlV5.safetensors"
                    ],
                    [
                        "m10",
                        "../../stable-diffusion-webui/tmp/sdxl/_x50-auroraXLBasePonyXL_v10.safetensors"
                    ]
                ],
                [
                    [
                        "m3",
                        "../../stable-diffusion-webui/tmp/sdxl/_x43-SDXLAnimeBulldozer_v20.safetensors"
                    ],
                    [
                        "m4",
                        "../../stable-diffusion-webui/tmp/sdxl/_x44-kohakuXLGamma_rev2.safetensors"
                    ]
                ],
                [
                    [
                        "m3",
                        "../../stable-diffusion-webui/tmp/sdxl/_x43-SDXLAnimeBulldozer_v20.safetensors"
                    ],
                    [
                        "m5",
                        "../../stable-diffusion-webui/tmp/sdxl/_x45-awmo-xl.safetensors"
                    ]
                ],
                [
                    [
                        "m3",
                        "../../stable-diffusion-webui/tmp/sdxl/_x43-SDXLAnimeBulldozer_v20.safetensors"
                    ],
                    [
                        "m6",
                        "../../stable-diffusion-webui/tmp/sdxl/_x46-realvisxlV30Turbo_v30Bakedvae.safetensors"
                    ]
                ],
                [
                    [
                        "m3",
                        "../../stable-diffusion-webui/tmp/sdxl/_x43-SDXLAnimeBulldozer_v20.safetensors"
                    ],
                    [
                        "m7",
                        "../../stable-diffusion-webui/tmp/sdxl/_x47-jruTheJourneyRemains_v10XL.safetensors"
                    ]
                ],
                [
                    [
                        "m3",
                        "../../stable-diffusion-webui/tmp/sdxl/_x43-SDXLAnimeBulldozer_v20.safetensors"
                    ],
                    [
                        "m8",
                        "../../stable-diffusion-webui/tmp/sdxl/_x48-js2prony_v10.safetensors"
                    ]
                ],
                [
                    [
                        "m3",
                        "../../stable-diffusion-webui/tmp/sdxl/_x43-SDXLAnimeBulldozer_v20.safetensors"
                    ],
                    [
                        "m9",
                        "../../stable-diffusion-webui/tmp/sdxl/_x49-heartOfAppleXL_v20.safetensors"
                    ]
                ],
                [
                    [
                        "m3",
                        "../../stable-diffusion-webui/tmp/sdxl/_x43-SDXLAnimeBulldozer_v20.safetensors"
                    ],
                    [
                        "m10",
                        "../../stable-diffusion-webui/tmp/sdxl/_x50-auroraXLBasePonyXL_v10.safetensors"
                    ]
                ],
                [
                    [
                        "m4",
                        "../../stable-diffusion-webui/tmp/sdxl/_x44-kohakuXLGamma_rev2.safetensors"
                    ],
                    [
                        "m5",
                        "../../stable-diffusion-webui/tmp/sdxl/_x45-awmo-xl.safetensors"
                    ]
                ],
                [
                    [
                        "m4",
                        "../../stable-diffusion-webui/tmp/sdxl/_x44-kohakuXLGamma_rev2.safetensors"
                    ],
                    [
                        "m6",
                        "../../stable-diffusion-webui/tmp/sdxl/_x46-realvisxlV30Turbo_v30Bakedvae.safetensors"
                    ]
                ],
                [
                    [
                        "m4",
                        "../../stable-diffusion-webui/tmp/sdxl/_x44-kohakuXLGamma_rev2.safetensors"
                    ],
                    [
                        "m7",
                        "../../stable-diffusion-webui/tmp/sdxl/_x47-jruTheJourneyRemains_v10XL.safetensors"
                    ]
                ],
                [
                    [
                        "m4",
                        "../../stable-diffusion-webui/tmp/sdxl/_x44-kohakuXLGamma_rev2.safetensors"
                    ],
                    [
                        "m8",
                        "../../stable-diffusion-webui/tmp/sdxl/_x48-js2prony_v10.safetensors"
                    ]
                ],
                [
                    [
                        "m4",
                        "../../stable-diffusion-webui/tmp/sdxl/_x44-kohakuXLGamma_rev2.safetensors"
                    ],
                    [
                        "m9",
                        "../../stable-diffusion-webui/tmp/sdxl/_x49-heartOfAppleXL_v20.safetensors"
                    ]
                ],
                [
                    [
                        "m4",
                        "../../stable-diffusion-webui/tmp/sdxl/_x44-kohakuXLGamma_rev2.safetensors"
                    ],
                    [
                        "m10",
                        "../../stable-diffusion-webui/tmp/sdxl/_x50-auroraXLBasePonyXL_v10.safetensors"
                    ]
                ],
                [
                    [
                        "m5",
                        "../../stable-diffusion-webui/tmp/sdxl/_x45-awmo-xl.safetensors"
                    ],
                    [
                        "m6",
                        "../../stable-diffusion-webui/tmp/sdxl/_x46-realvisxlV30Turbo_v30Bakedvae.safetensors"
                    ]
                ],
                [
                    [
                        "m5",
                        "../../stable-diffusion-webui/tmp/sdxl/_x45-awmo-xl.safetensors"
                    ],
                    [
                        "m7",
                        "../../stable-diffusion-webui/tmp/sdxl/_x47-jruTheJourneyRemains_v10XL.safetensors"
                    ]
                ],
                [
                    [
                        "m5",
                        "../../stable-diffusion-webui/tmp/sdxl/_x45-awmo-xl.safetensors"
                    ],
                    [
                        "m8",
                        "../../stable-diffusion-webui/tmp/sdxl/_x48-js2prony_v10.safetensors"
                    ]
                ],
                [
                    [
                        "m5",
                        "../../stable-diffusion-webui/tmp/sdxl/_x45-awmo-xl.safetensors"
                    ],
                    [
                        "m9",
                        "../../stable-diffusion-webui/tmp/sdxl/_x49-heartOfAppleXL_v20.safetensors"
                    ]
                ],
                [
                    [
                        "m5",
                        "../../stable-diffusion-webui/tmp/sdxl/_x45-awmo-xl.safetensors"
                    ],
                    [
                        "m10",
                        "../../stable-diffusion-webui/tmp/sdxl/_x50-auroraXLBasePonyXL_v10.safetensors"
                    ]
                ],
                [
                    [
                        "m6",
                        "../../stable-diffusion-webui/tmp/sdxl/_x46-realvisxlV30Turbo_v30Bakedvae.safetensors"
                    ],
                    [
                        "m7",
                        "../../stable-diffusion-webui/tmp/sdxl/_x47-jruTheJourneyRemains_v10XL.safetensors"
                    ]
                ],
                [
                    [
                        "m6",
                        "../../stable-diffusion-webui/tmp/sdxl/_x46-realvisxlV30Turbo_v30Bakedvae.safetensors"
                    ],
                    [
                        "m8",
                        "../../stable-diffusion-webui/tmp/sdxl/_x48-js2prony_v10.safetensors"
                    ]
                ],
                [
                    [
                        "m6",
                        "../../stable-diffusion-webui/tmp/sdxl/_x46-realvisxlV30Turbo_v30Bakedvae.safetensors"
                    ],
                    [
                        "m9",
                        "../../stable-diffusion-webui/tmp/sdxl/_x49-heartOfAppleXL_v20.safetensors"
                    ]
                ],
                [
                    [
                        "m6",
                        "../../stable-diffusion-webui/tmp/sdxl/_x46-realvisxlV30Turbo_v30Bakedvae.safetensors"
                    ],
                    [
                        "m10",
                        "../../stable-diffusion-webui/tmp/sdxl/_x50-auroraXLBasePonyXL_v10.safetensors"
                    ]
                ],
                [
                    [
                        "m7",
                        "../../stable-diffusion-webui/tmp/sdxl/_x47-jruTheJourneyRemains_v10XL.safetensors"
                    ],
                    [
                        "m8",
                        "../../stable-diffusion-webui/tmp/sdxl/_x48-js2prony_v10.safetensors"
                    ]
                ],
                [
                    [
                        "m7",
                        "../../stable-diffusion-webui/tmp/sdxl/_x47-jruTheJourneyRemains_v10XL.safetensors"
                    ],
                    [
                        "m9",
                        "../../stable-diffusion-webui/tmp/sdxl/_x49-heartOfAppleXL_v20.safetensors"
                    ]
                ],
                [
                    [
                        "m7",
                        "../../stable-diffusion-webui/tmp/sdxl/_x47-jruTheJourneyRemains_v10XL.safetensors"
                    ],
                    [
                        "m10",
                        "../../stable-diffusion-webui/tmp/sdxl/_x50-auroraXLBasePonyXL_v10.safetensors"
                    ]
                ],
                [
                    [
                        "m8",
                        "../../stable-diffusion-webui/tmp/sdxl/_x48-js2prony_v10.safetensors"
                    ],
                    [
                        "m9",
                        "../../stable-diffusion-webui/tmp/sdxl/_x49-heartOfAppleXL_v20.safetensors"
                    ]
                ],
                [
                    [
                        "m8",
                        "../../stable-diffusion-webui/tmp/sdxl/_x48-js2prony_v10.safetensors"
                    ],
                    [
                        "m10",
                        "../../stable-diffusion-webui/tmp/sdxl/_x50-auroraXLBasePonyXL_v10.safetensors"
                    ]
                ],
                [
                    [
                        "m9",
                        "../../stable-diffusion-webui/tmp/sdxl/_x49-heartOfAppleXL_v20.safetensors"
                    ],
                    [
                        "m10",
                        "../../stable-diffusion-webui/tmp/sdxl/_x50-auroraXLBasePonyXL_v10.safetensors"
                    ]
                ]
            ]
        ]
    ],
    "dm": {
        "other": [
            [
                0.0,
                0.0,
                0.0,
                0.0,
                0.0,
                0.0,
                0.0,
                0.0,
                0.0,
                0.0,
                0.0
            ],
            [
                0.0,
                0.0,
                0.0,
                0.0,
                0.0,
                0.0,
                0.0,
                0.0,
                0.0,
                0.0,
                0.0
            ],
            [
                0.0,
                0.0,
                0.0,
                0.0,
                0.0,
                0.0,
                0.0,
                0.0,
                0.0,
                0.0,
                0.0
            ],
            [
                0.0,
                0.0,
                0.0,
                0.0,
                0.0,
                0.0,
                0.0,
                0.0,
                0.0,
                0.0,
                0.0
            ],
            [
                0.0,
                0.0,
                0.0,
                0.0,
                0.0,
                0.0,
                0.0,
                0.0,
                0.0,
                0.0,
                0.0
            ],
            [
                0.0,
                0.0,
                0.0,
                0.0,
                0.0,
                0.0,
                0.0,
                0.0,
                0.0,
                0.0,
                0.0
            ],
            [
                0.0,
                0.0,
                0.0,
                0.0,
                0.0,
                0.0,
                0.0,
                0.0,
                0.0,
                0.0,
                0.0
            ],
            [
                0.0,
                0.0,
                0.0,
                0.0,
                0.0,
                0.0,
                0.0,
                0.0,
                0.0,
                0.0,
                0.0
            ],
            [
                0.0,
                0.0,
                0.0,
                0.0,
                0.0,
                0.0,
                0.0,
                0.0,
                0.0,
                0.0,
                0.0
            ],
            [
                0.0,
                0.0,
                0.0,
                0.0,
                0.0,
                0.0,
                0.0,
                0.0,
                0.0,
                0.0,
                0.0
            ],
            [
                0.0,
                0.0,
                0.0,
                0.0,
                0.0,
                0.0,
                0.0,
                0.0,
                0.0,
                0.0,
                0.0
            ]
        ],
        "te": [
            [
                0.0,
                0.0,
                0.0,
                0.0,
                0.0,
                0.0,
                0.0,
                0.0,
                0.0,
                0.0,
                0.0
            ],
            [
                0.0,
                0.0,
                0.0,
                0.0,
                0.0,
                0.0,
                0.0,
                0.0,
                0.0,
                0.0,
                0.0
            ],
            [
                0.0,
                0.0,
                0.0,
                0.0,
                0.0,
                0.0,
                0.0,
                0.0,
                0.0,
                0.0,
                0.0
            ],
            [
                0.0,
                0.0,
                0.0,
                0.0,
                0.0,
                0.0,
                0.0,
                0.0,
                0.0,
                0.0,
                0.0
            ],
            [
                0.0,
                0.0,
                0.0,
                0.0,
                0.0,
                0.0,
                0.0,
                0.0,
                0.0,
                0.0,
                0.0
            ],
            [
                0.0,
                0.0,
                0.0,
                0.0,
                0.0,
                0.0,
                0.0,
                0.0,
                0.0,
                0.0,
                0.0
            ],
            [
                0.0,
                0.0,
                0.0,
                0.0,
                0.0,
                0.0,
                0.0,
                0.0,
                0.0,
                0.0,
                0.0
            ],
            [
                0.0,
                0.0,
                0.0,
                0.0,
                0.0,
                0.0,
                0.0,
                0.0,
                0.0,
                0.0,
                0.0
            ],
            [
                0.0,
                0.0,
                0.0,
                0.0,
                0.0,
                0.0,
                0.0,
                0.0,
                0.0,
                0.0,
                0.0
            ],
            [
                0.0,
                0.0,
                0.0,
                0.0,
                0.0,
                0.0,
                0.0,
                0.0,
                0.0,
                0.0,
                0.0
            ],
            [
                0.0,
                0.0,
                0.0,
                0.0,
                0.0,
                0.0,
                0.0,
                0.0,
                0.0,
                0.0,
                0.0
            ]
        ],
        "te0": [
            [
                0.0,
                0.5514109659014618,
                5.172736549513585,
                12.943792074243554,
                13.437933386407295,
                12.943792074243554,
                2.69647898988375,
                18.850821163748687,
                51.492509640059055,
                12.952896942877572,
                61.14315689315154
            ],
            [
                0.5514109659014618,
                0.0,
                5.127491482005474,
                12.921324721363542,
                13.422939667872495,
                12.921324721363542,
                2.6767760964086924,
                18.84013752839444,
                51.49328902381325,
                12.930444619684051,
                61.14485594955892
            ],
            [
                5.172736549513585,
                5.127491482005474,
                0.0,
                8.000467868628018,
                8.832125896723102,
                8.000467868628018,
                5.731373979631974,
                15.873488556291889,
                51.3256172764465,
                7.962927402999541,
                61.25471563338866
            ],
            [
                12.943792074243554,
                12.921324721363542,
                8.000467868628018,
                0.0,
                5.443639194618494,
                0.0,
                13.184996107417835,
                14.232957862522081,
                52.25780415780747,
                0.4877565128075851,
                62.288904477151945
            ],
            [
                13.437933386407295,
                13.422939667872495,
                8.832125896723102,
                5.443639194618494,
                0.0,
                5.443639194618494,
                13.668993196048362,
                13.149889681533,
                52.37401632259158,
                4.568394865771296,
                62.35339116568562
            ],
            [
                12.943792074243554,
                12.921324721363542,
                8.000467868628018,
                0.0,
                5.443639194618494,
                0.0,
                13.184996107417835,
                14.232957862522081,
                52.25780415780747,
                0.4877565128075851,
                62.288904477151945
            ],
            [
                2.69647898988375,
                2.6767760964086924,
                5.731373979631974,
                13.184996107417835,
                13.668993196048362,
                13.184996107417835,
                0.0,
                19.014086625153002,
                51.606764606862185,
                13.048853946022147,
                61.25108406143705
            ],
            [
                18.850821163748687,
                18.84013752839444,
                15.873488556291889,
                14.232957862522081,
                13.149889681533,
                14.232957862522081,
                19.014086625153002,
                0.0,
                53.91464336784313,
                13.92161952862389,
                63.649702880929695
            ],
            [
                51.492509640059055,
                51.49328902381325,
                51.3256172764465,
                52.25780415780747,
                52.37401632259158,
                52.25780415780747,
                51.606764606862185,
                53.91464336784313,
                0.0,
                52.259997424545894,
                19.701340752880764
            ],
            [
                12.952896942877572,
                12.930444619684051,
                7.962927402999541,
                0.4877565128075851,
                4.568394865771296,
                0.4877565128075851,
                13.048853946022147,
                13.92161952862389,
                52.259997424545894,
                0.0,
                62.2907850085911
            ],
            [
                61.14315689315154,
                61.14485594955892,
                61.25471563338866,
                62.288904477151945,
                62.35339116568562,
                62.288904477151945,
                61.25108406143705,
                63.649702880929695,
                19.701340752880764,
                62.2907850085911,
                0.0
            ]
        ],
        "te1": [
            [
                0.0,
                1.3950134517358757,
                14.777558141395577,
                36.07692134620584,
                36.499456380572234,
                36.076921346205836,
                6.236403922934576,
                124.42685321867401,
                210.63860111348387,
                36.084665645570425,
                161.43090244966677
            ],
            [
                1.3950134517358757,
                0.0,
                14.675327982623125,
                36.02322959224011,
                36.46276958415722,
                36.02322770586926,
                6.193410229065932,
                124.41692214261765,
                210.64026493822362,
                36.03098412038126,
                161.43478307765352
            ],
            [
                14.777558141395577,
                14.675327982623125,
                0.0,
                21.77552610730549,
                24.375820112562494,
                21.77552576697793,
                15.73639402953112,
                121.32132083139636,
                209.54903729893132,
                21.788476325579047,
                161.269734109086
            ],
            [
                36.07692134620584,
                36.02322959224011,
                21.77552610730549,
                0.0,
                14.935506427153538,
                0.00024461699740419614,
                36.500853049160874,
                119.81092395870957,
                211.43310440538224,
                0.7574962725474054,
                163.8623732603637
            ],
            [
                36.499456380572234,
                36.46276958415722,
                24.375820112562494,
                14.935506427153538,
                0.0,
                14.935506427153538,
                36.92633847557575,
                118.80433652580321,
                211.6887734926971,
                14.954626211304127,
                164.08340655344387
            ],
            [
                36.076921346205836,
                36.02322770586926,
                21.77552576697793,
                0.00024461699740419614,
                14.935506427153538,
                0.0,
                36.50056690017581,
                119.81092395870957,
                211.43310440538224,
                0.7574962334587705,
                163.86237326036368
            ],
            [
                6.236403922934576,
                6.193410229065932,
                15.73639402953112,
                36.500853049160874,
                36.92633847557575,
                36.50056690017581,
                0.0,
                123.8897603817538,
                210.57071497394517,
                36.50852225382801,
                161.64449938893316
            ],
            [
                124.42685321867401,
                124.41692214261765,
                121.32132083139636,
                119.81092395870957,
                118.80433652580321,
                119.81092395870957,
                123.8897603817538,
                0.0,
                237.02108340905514,
                119.81328380054832,
                202.343993626275
            ],
            [
                210.63860111348387,
                210.64026493822362,
                209.54903729893132,
                211.43310440538224,
                211.6887734926971,
                211.43310440538224,
                210.57071497394517,
                237.02108340905514,
                0.0,
                211.43452039142593,
                168.66536420032315
            ],
            [
                36.084665645570425,
                36.03098412038126,
                21.788476325579047,
                0.7574962725474054,
                14.954626211304127,
                0.7574962334587705,
                36.50852225382801,
                119.81328380054832,
                211.43452039142593,
                0.0,
                163.86420088580346
            ],
            [
                161.43090244966677,
                161.43478307765352,
                161.269734109086,
                163.8623732603637,
                164.08340655344387,
                163.86237326036368,
                161.64449938893316,
                202.343993626275,
                168.66536420032315,
                163.86420088580346,
                0.0
            ]
        ],
        "unet": [
            [
                0.0,
                150.09996957177836,
                113.87576270220377,
                187.43043296991658,
                206.28711107444522,
                191.25188557280046,
                18.164419366257235,
                254.33477922818278,
                572.8979160696872,
                184.78641584671226,
                664.670189294952
            ],
            [
                150.09996957177836,
                0.0,
                184.16053231792245,
                233.93067400630372,
                247.349014233018,
                235.67224727881,
                150.93711516278097,
                288.09529613184105,
                585.1141831788946,
                231.95072840902048,
                675.1920295637738
            ],
            [
                113.87576270220377,
                184.16053231792245,
                0.0,
                100.59413442016711,
                156.3083043302311,
                109.87058280043146,
                111.29624445038506,
                210.195336237956,
                565.3740231931316,
                98.17493331366683,
                658.131244324791
            ],
            [
                187.43043296991658,
                233.93067400630372,
                100.59413442016711,
                0.0,
                125.48378186608915,
                63.11429011755085,
                185.84686873845186,
                192.37622632652858,
                564.1496780263441,
                39.48711003864421,
                656.9636221436494
            ],
            [
                206.28711107444522,
                247.349014233018,
                156.3083043302311,
                125.48378186608915,
                0.0,
                131.53411211413453,
                205.7359537010666,
                201.38356983150697,
                559.8170798229858,
                122.0932530269177,
                653.2580535538333
            ],
            [
                191.25188557280046,
                235.67224727881,
                109.87058280043146,
                63.11429011755085,
                131.53411211413453,
                0.0,
                189.72623070884475,
                196.6790078625724,
                565.8793068637353,
                55.90519649197782,
                658.4678479395563
            ],
            [
                18.164419366257235,
                150.93711516278097,
                111.29624445038506,
                185.84686873845186,
                205.7359537010666,
                189.72623070884475,
                0.0,
                253.53894330375772,
                573.0365343982679,
                183.2382819795204,
                664.7872152955315
            ],
            [
                254.33477922818278,
                288.09529613184105,
                210.195336237956,
                192.37622632652858,
                201.38356983150697,
                196.6790078625724,
                253.53894330375772,
                0.0,
                482.6781841015188,
                190.63167555608592,
                552.205522637075
            ],
            [
                572.8979160696872,
                585.1141831788946,
                565.3740231931316,
                564.1496780263441,
                559.8170798229858,
                565.8793068637353,
                573.0365343982679,
                482.6781841015188,
                0.0,
                564.1824416001263,
                336.29452878629223
            ],
            [
                184.78641584671226,
