{
    "cm": [
        [
            "sdxl1",
            [
                [
                    [
                        "m0",
                        "../../stable-diffusion-webui/tmp/sdxl/_x11-SDXLRonghua_v40.safetensors"
                    ],
                    [
                        "m1",
                        "../../stable-diffusion-webui/tmp/sdxl/_x12-bluePencilXL_v310.safetensors"
                    ]
                ],
                [
                    [
                        "m0",
                        "../../stable-diffusion-webui/tmp/sdxl/_x11-SDXLRonghua_v40.safetensors"
                    ],
                    [
                        "m2",
                        "../../stable-diffusion-webui/tmp/sdxl/_x13-leosamsHelloworldSDXL_helloworldSDXL32DPO.safetensors"
                    ]
                ],
                [
                    [
                        "m0",
                        "../../stable-diffusion-webui/tmp/sdxl/_x11-SDXLRonghua_v40.safetensors"
                    ],
                    [
                        "m3",
                        "../../stable-diffusion-webui/tmp/sdxl/_x14-ponyDiffusionV6XL_v6.safetensors"
                    ]
                ],
                [
                    [
                        "m0",
                        "../../stable-diffusion-webui/tmp/sdxl/_x11-SDXLRonghua_v40.safetensors"
                    ],
                    [
                        "m4",
                        "../../stable-diffusion-webui/tmp/sdxl/_x15-animagineXL_v20.safetensors"
                    ]
                ],
                [
                    [
                        "m0",
                        "../../stable-diffusion-webui/tmp/sdxl/_x11-SDXLRonghua_v40.safetensors"
                    ],
                    [
                        "m5",
                        "../../stable-diffusion-webui/tmp/sdxl/_x16-wdxl-aesthetic-0.9.safetensors"
                    ]
                ],
                [
                    [
                        "m0",
                        "../../stable-diffusion-webui/tmp/sdxl/_x11-SDXLRonghua_v40.safetensors"
                    ],
                    [
                        "m6",
                        "../../stable-diffusion-webui/tmp/sdxl/_x17-leosamsHelloworldSDXLModel_helloworldSDXL10.safetensors"
                    ]
                ],
                [
                    [
                        "m0",
                        "../../stable-diffusion-webui/tmp/sdxl/_x11-SDXLRonghua_v40.safetensors"
                    ],
                    [
                        "m7",
                        "../../stable-diffusion-webui/tmp/sdxl/_x18-nekoray-xl-1.5m-fp16mixed_e02.safetensors"
                    ]
                ],
                [
                    [
                        "m0",
                        "../../stable-diffusion-webui/tmp/sdxl/_x11-SDXLRonghua_v40.safetensors"
                    ],
                    [
                        "m8",
                        "../../stable-diffusion-webui/tmp/sdxl/_x19-nekoray-xl-1.5m-pdg32_e02.safetensors"
                    ]
                ],
                [
                    [
                        "m0",
                        "../../stable-diffusion-webui/tmp/sdxl/_x11-SDXLRonghua_v40.safetensors"
                    ],
                    [
                        "m9",
                        "../../stable-diffusion-webui/tmp/sdxl/_x20-explicitFreedomNSFW_beta.safetensors"
                    ]
                ],
                [
                    [
                        "m0",
                        "../../stable-diffusion-webui/tmp/sdxl/_x11-SDXLRonghua_v40.safetensors"
                    ],
                    [
                        "m10",
                        "../../stable-diffusion-webui/tmp/sdxl/_x25-sd_xl_base_1.0.safetensors"
                    ]
                ],
                [
                    [
                        "m1",
                        "../../stable-diffusion-webui/tmp/sdxl/_x12-bluePencilXL_v310.safetensors"
                    ],
                    [
                        "m2",
                        "../../stable-diffusion-webui/tmp/sdxl/_x13-leosamsHelloworldSDXL_helloworldSDXL32DPO.safetensors"
                    ]
                ],
                [
                    [
                        "m1",
                        "../../stable-diffusion-webui/tmp/sdxl/_x12-bluePencilXL_v310.safetensors"
                    ],
                    [
                        "m3",
                        "../../stable-diffusion-webui/tmp/sdxl/_x14-ponyDiffusionV6XL_v6.safetensors"
                    ]
                ],
                [
                    [
                        "m1",
                        "../../stable-diffusion-webui/tmp/sdxl/_x12-bluePencilXL_v310.safetensors"
                    ],
                    [
                        "m4",
                        "../../stable-diffusion-webui/tmp/sdxl/_x15-animagineXL_v20.safetensors"
                    ]
                ],
                [
                    [
                        "m1",
                        "../../stable-diffusion-webui/tmp/sdxl/_x12-bluePencilXL_v310.safetensors"
                    ],
                    [
                        "m5",
                        "../../stable-diffusion-webui/tmp/sdxl/_x16-wdxl-aesthetic-0.9.safetensors"
                    ]
                ],
                [
                    [
                        "m1",
                        "../../stable-diffusion-webui/tmp/sdxl/_x12-bluePencilXL_v310.safetensors"
                    ],
                    [
                        "m6",
                        "../../stable-diffusion-webui/tmp/sdxl/_x17-leosamsHelloworldSDXLModel_helloworldSDXL10.safetensors"
                    ]
                ],
                [
                    [
                        "m1",
                        "../../stable-diffusion-webui/tmp/sdxl/_x12-bluePencilXL_v310.safetensors"
                    ],
                    [
                        "m7",
                        "../../stable-diffusion-webui/tmp/sdxl/_x18-nekoray-xl-1.5m-fp16mixed_e02.safetensors"
                    ]
                ],
                [
                    [
                        "m1",
                        "../../stable-diffusion-webui/tmp/sdxl/_x12-bluePencilXL_v310.safetensors"
                    ],
                    [
                        "m8",
                        "../../stable-diffusion-webui/tmp/sdxl/_x19-nekoray-xl-1.5m-pdg32_e02.safetensors"
                    ]
                ],
                [
                    [
                        "m1",
                        "../../stable-diffusion-webui/tmp/sdxl/_x12-bluePencilXL_v310.safetensors"
                    ],
                    [
                        "m9",
                        "../../stable-diffusion-webui/tmp/sdxl/_x20-explicitFreedomNSFW_beta.safetensors"
                    ]
                ],
                [
                    [
                        "m1",
                        "../../stable-diffusion-webui/tmp/sdxl/_x12-bluePencilXL_v310.safetensors"
                    ],
                    [
                        "m10",
                        "../../stable-diffusion-webui/tmp/sdxl/_x25-sd_xl_base_1.0.safetensors"
                    ]
                ],
                [
                    [
                        "m2",
                        "../../stable-diffusion-webui/tmp/sdxl/_x13-leosamsHelloworldSDXL_helloworldSDXL32DPO.safetensors"
                    ],
                    [
                        "m3",
                        "../../stable-diffusion-webui/tmp/sdxl/_x14-ponyDiffusionV6XL_v6.safetensors"
                    ]
                ],
                [
                    [
                        "m2",
                        "../../stable-diffusion-webui/tmp/sdxl/_x13-leosamsHelloworldSDXL_helloworldSDXL32DPO.safetensors"
                    ],
                    [
                        "m4",
                        "../../stable-diffusion-webui/tmp/sdxl/_x15-animagineXL_v20.safetensors"
                    ]
                ],
                [
                    [
                        "m2",
                        "../../stable-diffusion-webui/tmp/sdxl/_x13-leosamsHelloworldSDXL_helloworldSDXL32DPO.safetensors"
                    ],
                    [
                        "m5",
                        "../../stable-diffusion-webui/tmp/sdxl/_x16-wdxl-aesthetic-0.9.safetensors"
                    ]
                ],
                [
                    [
                        "m2",
                        "../../stable-diffusion-webui/tmp/sdxl/_x13-leosamsHelloworldSDXL_helloworldSDXL32DPO.safetensors"
                    ],
                    [
                        "m6",
                        "../../stable-diffusion-webui/tmp/sdxl/_x17-leosamsHelloworldSDXLModel_helloworldSDXL10.safetensors"
                    ]
                ],
                [
                    [
                        "m2",
                        "../../stable-diffusion-webui/tmp/sdxl/_x13-leosamsHelloworldSDXL_helloworldSDXL32DPO.safetensors"
                    ],
                    [
                        "m7",
                        "../../stable-diffusion-webui/tmp/sdxl/_x18-nekoray-xl-1.5m-fp16mixed_e02.safetensors"
                    ]
                ],
                [
                    [
                        "m2",
                        "../../stable-diffusion-webui/tmp/sdxl/_x13-leosamsHelloworldSDXL_helloworldSDXL32DPO.safetensors"
                    ],
                    [
                        "m8",
                        "../../stable-diffusion-webui/tmp/sdxl/_x19-nekoray-xl-1.5m-pdg32_e02.safetensors"
                    ]
                ],
                [
                    [
                        "m2",
                        "../../stable-diffusion-webui/tmp/sdxl/_x13-leosamsHelloworldSDXL_helloworldSDXL32DPO.safetensors"
                    ],
                    [
                        "m9",
                        "../../stable-diffusion-webui/tmp/sdxl/_x20-explicitFreedomNSFW_beta.safetensors"
                    ]
                ],
                [
                    [
                        "m2",
                        "../../stable-diffusion-webui/tmp/sdxl/_x13-leosamsHelloworldSDXL_helloworldSDXL32DPO.safetensors"
                    ],
                    [
                        "m10",
                        "../../stable-diffusion-webui/tmp/sdxl/_x25-sd_xl_base_1.0.safetensors"
                    ]
                ],
                [
                    [
                        "m3",
                        "../../stable-diffusion-webui/tmp/sdxl/_x14-ponyDiffusionV6XL_v6.safetensors"
                    ],
                    [
                        "m4",
                        "../../stable-diffusion-webui/tmp/sdxl/_x15-animagineXL_v20.safetensors"
                    ]
                ],
                [
                    [
                        "m3",
                        "../../stable-diffusion-webui/tmp/sdxl/_x14-ponyDiffusionV6XL_v6.safetensors"
                    ],
                    [
                        "m5",
                        "../../stable-diffusion-webui/tmp/sdxl/_x16-wdxl-aesthetic-0.9.safetensors"
                    ]
                ],
                [
                    [
                        "m3",
                        "../../stable-diffusion-webui/tmp/sdxl/_x14-ponyDiffusionV6XL_v6.safetensors"
                    ],
                    [
                        "m6",
                        "../../stable-diffusion-webui/tmp/sdxl/_x17-leosamsHelloworldSDXLModel_helloworldSDXL10.safetensors"
                    ]
                ],
                [
                    [
                        "m3",
                        "../../stable-diffusion-webui/tmp/sdxl/_x14-ponyDiffusionV6XL_v6.safetensors"
                    ],
                    [
                        "m7",
                        "../../stable-diffusion-webui/tmp/sdxl/_x18-nekoray-xl-1.5m-fp16mixed_e02.safetensors"
                    ]
                ],
                [
                    [
                        "m3",
                        "../../stable-diffusion-webui/tmp/sdxl/_x14-ponyDiffusionV6XL_v6.safetensors"
                    ],
                    [
                        "m8",
                        "../../stable-diffusion-webui/tmp/sdxl/_x19-nekoray-xl-1.5m-pdg32_e02.safetensors"
                    ]
                ],
                [
                    [
                        "m3",
                        "../../stable-diffusion-webui/tmp/sdxl/_x14-ponyDiffusionV6XL_v6.safetensors"
                    ],
                    [
                        "m9",
                        "../../stable-diffusion-webui/tmp/sdxl/_x20-explicitFreedomNSFW_beta.safetensors"
                    ]
                ],
                [
                    [
                        "m3",
                        "../../stable-diffusion-webui/tmp/sdxl/_x14-ponyDiffusionV6XL_v6.safetensors"
                    ],
                    [
                        "m10",
                        "../../stable-diffusion-webui/tmp/sdxl/_x25-sd_xl_base_1.0.safetensors"
                    ]
                ],
                [
                    [
                        "m4",
                        "../../stable-diffusion-webui/tmp/sdxl/_x15-animagineXL_v20.safetensors"
                    ],
                    [
                        "m5",
                        "../../stable-diffusion-webui/tmp/sdxl/_x16-wdxl-aesthetic-0.9.safetensors"
                    ]
                ],
                [
                    [
                        "m4",
                        "../../stable-diffusion-webui/tmp/sdxl/_x15-animagineXL_v20.safetensors"
                    ],
                    [
                        "m6",
                        "../../stable-diffusion-webui/tmp/sdxl/_x17-leosamsHelloworldSDXLModel_helloworldSDXL10.safetensors"
                    ]
                ],
                [
                    [
                        "m4",
                        "../../stable-diffusion-webui/tmp/sdxl/_x15-animagineXL_v20.safetensors"
                    ],
                    [
                        "m7",
                        "../../stable-diffusion-webui/tmp/sdxl/_x18-nekoray-xl-1.5m-fp16mixed_e02.safetensors"
                    ]
                ],
                [
                    [
                        "m4",
                        "../../stable-diffusion-webui/tmp/sdxl/_x15-animagineXL_v20.safetensors"
                    ],
                    [
                        "m8",
                        "../../stable-diffusion-webui/tmp/sdxl/_x19-nekoray-xl-1.5m-pdg32_e02.safetensors"
                    ]
                ],
                [
                    [
                        "m4",
                        "../../stable-diffusion-webui/tmp/sdxl/_x15-animagineXL_v20.safetensors"
                    ],
                    [
                        "m9",
                        "../../stable-diffusion-webui/tmp/sdxl/_x20-explicitFreedomNSFW_beta.safetensors"
                    ]
                ],
                [
                    [
                        "m4",
                        "../../stable-diffusion-webui/tmp/sdxl/_x15-animagineXL_v20.safetensors"
                    ],
                    [
                        "m10",
                        "../../stable-diffusion-webui/tmp/sdxl/_x25-sd_xl_base_1.0.safetensors"
                    ]
                ],
                [
                    [
                        "m5",
                        "../../stable-diffusion-webui/tmp/sdxl/_x16-wdxl-aesthetic-0.9.safetensors"
                    ],
                    [
                        "m6",
                        "../../stable-diffusion-webui/tmp/sdxl/_x17-leosamsHelloworldSDXLModel_helloworldSDXL10.safetensors"
                    ]
                ],
                [
                    [
                        "m5",
                        "../../stable-diffusion-webui/tmp/sdxl/_x16-wdxl-aesthetic-0.9.safetensors"
                    ],
                    [
                        "m7",
                        "../../stable-diffusion-webui/tmp/sdxl/_x18-nekoray-xl-1.5m-fp16mixed_e02.safetensors"
                    ]
                ],
                [
                    [
                        "m5",
                        "../../stable-diffusion-webui/tmp/sdxl/_x16-wdxl-aesthetic-0.9.safetensors"
                    ],
                    [
                        "m8",
                        "../../stable-diffusion-webui/tmp/sdxl/_x19-nekoray-xl-1.5m-pdg32_e02.safetensors"
                    ]
                ],
                [
                    [
                        "m5",
                        "../../stable-diffusion-webui/tmp/sdxl/_x16-wdxl-aesthetic-0.9.safetensors"
                    ],
                    [
                        "m9",
                        "../../stable-diffusion-webui/tmp/sdxl/_x20-explicitFreedomNSFW_beta.safetensors"
                    ]
                ],
                [
                    [
                        "m5",
                        "../../stable-diffusion-webui/tmp/sdxl/_x16-wdxl-aesthetic-0.9.safetensors"
                    ],
                    [
                        "m10",
                        "../../stable-diffusion-webui/tmp/sdxl/_x25-sd_xl_base_1.0.safetensors"
                    ]
                ],
                [
                    [
                        "m6",
                        "../../stable-diffusion-webui/tmp/sdxl/_x17-leosamsHelloworldSDXLModel_helloworldSDXL10.safetensors"
                    ],
                    [
                        "m7",
                        "../../stable-diffusion-webui/tmp/sdxl/_x18-nekoray-xl-1.5m-fp16mixed_e02.safetensors"
                    ]
                ],
                [
                    [
                        "m6",
                        "../../stable-diffusion-webui/tmp/sdxl/_x17-leosamsHelloworldSDXLModel_helloworldSDXL10.safetensors"
                    ],
                    [
                        "m8",
                        "../../stable-diffusion-webui/tmp/sdxl/_x19-nekoray-xl-1.5m-pdg32_e02.safetensors"
                    ]
                ],
                [
                    [
                        "m6",
                        "../../stable-diffusion-webui/tmp/sdxl/_x17-leosamsHelloworldSDXLModel_helloworldSDXL10.safetensors"
                    ],
                    [
                        "m9",
                        "../../stable-diffusion-webui/tmp/sdxl/_x20-explicitFreedomNSFW_beta.safetensors"
                    ]
                ],
                [
                    [
                        "m6",
                        "../../stable-diffusion-webui/tmp/sdxl/_x17-leosamsHelloworldSDXLModel_helloworldSDXL10.safetensors"
                    ],
                    [
                        "m10",
                        "../../stable-diffusion-webui/tmp/sdxl/_x25-sd_xl_base_1.0.safetensors"
                    ]
                ],
                [
                    [
                        "m7",
                        "../../stable-diffusion-webui/tmp/sdxl/_x18-nekoray-xl-1.5m-fp16mixed_e02.safetensors"
                    ],
                    [
                        "m8",
                        "../../stable-diffusion-webui/tmp/sdxl/_x19-nekoray-xl-1.5m-pdg32_e02.safetensors"
                    ]
                ],
                [
                    [
                        "m7",
                        "../../stable-diffusion-webui/tmp/sdxl/_x18-nekoray-xl-1.5m-fp16mixed_e02.safetensors"
                    ],
                    [
                        "m9",
                        "../../stable-diffusion-webui/tmp/sdxl/_x20-explicitFreedomNSFW_beta.safetensors"
                    ]
                ],
                [
                    [
                        "m7",
                        "../../stable-diffusion-webui/tmp/sdxl/_x18-nekoray-xl-1.5m-fp16mixed_e02.safetensors"
                    ],
                    [
                        "m10",
                        "../../stable-diffusion-webui/tmp/sdxl/_x25-sd_xl_base_1.0.safetensors"
                    ]
                ],
                [
                    [
                        "m8",
                        "../../stable-diffusion-webui/tmp/sdxl/_x19-nekoray-xl-1.5m-pdg32_e02.safetensors"
                    ],
                    [
                        "m9",
                        "../../stable-diffusion-webui/tmp/sdxl/_x20-explicitFreedomNSFW_beta.safetensors"
                    ]
                ],
                [
                    [
                        "m8",
                        "../../stable-diffusion-webui/tmp/sdxl/_x19-nekoray-xl-1.5m-pdg32_e02.safetensors"
                    ],
                    [
                        "m10",
                        "../../stable-diffusion-webui/tmp/sdxl/_x25-sd_xl_base_1.0.safetensors"
                    ]
                ],
                [
                    [
                        "m9",
                        "../../stable-diffusion-webui/tmp/sdxl/_x20-explicitFreedomNSFW_beta.safetensors"
                    ],
                    [
                        "m10",
                        "../../stable-diffusion-webui/tmp/sdxl/_x25-sd_xl_base_1.0.safetensors"
                    ]
                ]
            ]
        ]
    ],
    "dm": {
        "other": [
            [
                0.0,
                0.0,
                0.0,
                0.0,
                0.0,
                0.0,
                0.0,
                0.0,
                0.0,
                0.0,
                0.0
            ],
            [
                0.0,
                0.0,
                0.0,
                0.0,
                0.0,
                0.0,
                0.0,
                0.0,
                0.0,
                0.0,
                0.0
            ],
            [
                0.0,
                0.0,
                0.0,
                0.0,
                0.0,
                0.0,
                0.0,
                0.0,
                0.0,
                0.0,
                0.0
            ],
            [
                0.0,
                0.0,
                0.0,
                0.0,
                0.0,
                0.0,
                0.0,
                0.0,
                0.0,
                0.0,
                0.0
            ],
            [
                0.0,
                0.0,
                0.0,
                0.0,
                0.0,
                0.0,
                0.0,
                0.0,
                0.0,
                0.0,
                0.0
            ],
            [
                0.0,
                0.0,
                0.0,
                0.0,
                0.0,
                0.0,
                0.0,
                0.0,
                0.0,
                0.0,
                0.0
            ],
            [
                0.0,
                0.0,
                0.0,
                0.0,
                0.0,
                0.0,
                0.0,
                0.0,
                0.0,
                0.0,
                0.0
            ],
            [
                0.0,
                0.0,
                0.0,
                0.0,
                0.0,
                0.0,
                0.0,
                0.0,
                0.0,
                0.0,
                0.0
            ],
            [
                0.0,
                0.0,
                0.0,
                0.0,
                0.0,
                0.0,
                0.0,
                0.0,
                0.0,
                0.0,
                0.0
            ],
            [
                0.0,
                0.0,
                0.0,
                0.0,
                0.0,
                0.0,
                0.0,
                0.0,
                0.0,
                0.0,
                0.0
            ],
            [
                0.0,
                0.0,
                0.0,
                0.0,
                0.0,
                0.0,
                0.0,
                0.0,
                0.0,
                0.0,
                0.0
            ]
        ],
        "te": [
            [
                0.0,
                0.0,
                0.0,
                0.0,
                0.0,
                0.0,
                0.0,
                0.0,
                0.0,
                0.0,
                0.0
            ],
            [
                0.0,
                0.0,
                0.0,
                0.0,
                0.0,
                0.0,
                0.0,
                0.0,
                0.0,
                0.0,
                0.0
            ],
            [
                0.0,
                0.0,
                0.0,
                0.0,
                0.0,
                0.0,
                0.0,
                0.0,
                0.0,
                0.0,
                0.0
            ],
            [
                0.0,
                0.0,
                0.0,
                0.0,
                0.0,
                0.0,
                0.0,
                0.0,
                0.0,
                0.0,
                0.0
            ],
            [
                0.0,
                0.0,
                0.0,
                0.0,
                0.0,
                0.0,
                0.0,
                0.0,
                0.0,
                0.0,
                0.0
            ],
            [
                0.0,
                0.0,
                0.0,
                0.0,
                0.0,
                0.0,
                0.0,
                0.0,
                0.0,
                0.0,
                0.0
            ],
            [
                0.0,
                0.0,
                0.0,
                0.0,
                0.0,
                0.0,
                0.0,
                0.0,
                0.0,
                0.0,
                0.0
            ],
            [
                0.0,
                0.0,
                0.0,
                0.0,
                0.0,
                0.0,
                0.0,
                0.0,
                0.0,
                0.0,
                0.0
            ],
            [
                0.0,
                0.0,
                0.0,
                0.0,
                0.0,
                0.0,
                0.0,
                0.0,
                0.0,
                0.0,
                0.0
            ],
            [
                0.0,
                0.0,
                0.0,
                0.0,
                0.0,
                0.0,
                0.0,
                0.0,
                0.0,
                0.0,
                0.0
            ],
            [
                0.0,
                0.0,
                0.0,
                0.0,
                0.0,
                0.0,
                0.0,
                0.0,
                0.0,
                0.0,
                0.0
            ]
        ],
        "te0": [
            [
                0.0,
                1.278506127195148,
                3.520670875278608,
                61.15691187465836,
                3.0343025593693063,
                1.278506127195148,
                1.1542060865818329,
                1.278506127195148,
                1.278506127195148,
                1.59526678141591,
                1.278506127195148
            ],
            [
                1.278506127195148,
                0.0,
                3.3665046593856682,
                61.14315689315154,
                2.916274057821591,
                0.0,
                0.5514109659014618,
                0.0,
                0.0,
                1.386912007793939,
                0.0
            ],
            [
                3.520670875278608,
                3.3665046593856682,
                0.0,
                61.29763567296514,
                4.3396425970355565,
                3.3665046593856682,
                3.326854427634624,
                3.3665046593856687,
                3.3665046593856687,
                3.4937898826996707,
                3.3665046593856682
            ],
            [
                61.15691187465836,
                61.14315689315154,
                61.29763567296514,
                0.0,
                61.20206595287545,
                61.14315689315154,
                61.14485594955892,
                61.14315689315154,
                61.14315689315154,
                61.051315933790534,
                61.14315689315154
            ],
            [
                3.0343025593693063,
                2.916274057821591,
                4.3396425970355565,
                61.20206595287545,
                0.0,
                2.916274057821591,
                2.809338850412976,
                2.916274057821591,
                2.916274057821591,
                2.8938221133619506,
                2.916274057821591
            ],
            [
                1.278506127195148,
                0.0,
                3.3665046593856682,
                61.14315689315154,
                2.916274057821591,
                0.0,
                0.5514109659014618,
                0.0,
                0.0,
                1.386912007793939,
                0.0
            ],
            [
                1.1542060865818329,
                0.5514109659014618,
                3.326854427634624,
                61.14485594955892,
                2.809338850412976,
                0.5514109659014618,
                0.0,
                0.5514109659014618,
                0.5514109659014618,
                1.1006534702706712,
                0.5514109659014618
            ],
            [
                1.278506127195148,
                0.0,
                3.3665046593856687,
                61.14315689315154,
                2.916274057821591,
                0.0,
                0.5514109659014618,
                0.0,
                0.0,
                1.3823055271346123,
                0.0
            ],
            [
                1.278506127195148,
                0.0,
                3.3665046593856687,
                61.14315689315154,
                2.916274057821591,
                0.0,
                0.5514109659014618,
                0.0,
                0.0,
                1.3823055271346123,
                0.0
            ],
            [
                1.59526678141591,
                1.386912007793939,
                3.4937898826996707,
                61.051315933790534,
                2.8938221133619506,
                1.386912007793939,
                1.1006534702706712,
                1.3823055271346123,
                1.3823055271346123,
                0.0,
                1.386912007793939
            ],
            [
                1.278506127195148,
                0.0,
                3.3665046593856682,
                61.14315689315154,
                2.916274057821591,
                0.0,
                0.5514109659014618,
                0.0,
                0.0,
                1.386912007793939,
                0.0
            ]
        ],
        "te1": [
            [
                0.0,
                17.337681220520473,
                13.14597993475292,
                161.46216224271583,
                11.848990264576077,
                3.3287967075793703,
                3.0251513755766166,
                3.3287967075793703,
                3.3287967075793703,
                10.429161809225082,
                3.3287967075793703
            ],
            [
                17.337681220520473,
                0.0,
                20.904682698576696,
                163.06225433190636,
                16.40565494618916,
                17.35456496184179,
                17.079546564305865,
                17.35456496184179,
                17.35456496184179,
                15.903108834431327,
                17.35456496184179
            ],
            [
                13.14597993475292,
                20.904682698576696,
                0.0,
                162.08918318548356,
                17.165953345051104,
                12.858668521747596,
                12.79402400100431,
                12.858668521747596,
                12.858668521747596,
                16.121742246187576,
                12.858668521747596
            ],
            [
                161.46216224271583,
                163.06225433190636,
                162.08918318548356,
                0.0,
                161.11180791076563,
                161.4309024496668,
                161.43478307765352,
                161.4309024496668,
                161.4309024496668,
                160.8878686295226,
                161.4309024496668
            ],
            [
                11.848990264576077,
                16.40565494618916,
                17.165953345051104,
                161.11180791076563,
                0.0,
                11.627993985580495,
                11.458595102206617,
                11.627993985580495,
                11.627993985580495,
                8.95643325840711,
                11.627993985580495
            ],
            [
                3.3287967075793703,
                17.35456496184179,
                12.858668521747596,
                161.4309024496668,
                11.627993985580495,
                0.0,
                1.3950134517358757,
                0.0,
                0.0,
                10.201207539193451,
                0.0
            ],
            [
                3.0251513755766166,
                17.079546564305865,
                12.79402400100431,
                161.43478307765352,
                11.458595102206617,
                1.3950134517358757,
                0.0,
                1.3950134517358757,
                1.3950134517358757,
                9.982376031091059,
                1.3950134517358757
            ],
            [
                3.3287967075793703,
                17.35456496184179,
                12.858668521747596,
                161.4309024496668,
                11.627993985580495,
                0.0,
                1.3950134517358757,
                0.0,
                0.0,
                10.201207539193451,
                0.0
            ],
            [
                3.3287967075793703,
                17.35456496184179,
                12.858668521747596,
                161.4309024496668,
                11.627993985580495,
                0.0,
                1.3950134517358757,
                0.0,
                0.0,
                10.201207539193451,
                0.0
            ],
            [
                10.429161809225082,
                15.903108834431327,
                16.121742246187576,
                160.8878686295226,
                8.95643325840711,
                10.201207539193451,
                9.982376031091059,
                10.201207539193451,
                10.201207539193451,
                0.0,
                10.201207539193451
            ],
            [
                3.3287967075793703,
                17.35456496184179,
                12.858668521747596,
                161.4309024496668,
                11.627993985580495,
                0.0,
                1.3950134517358757,
                0.0,
                0.0,
                10.201207539193451,
                0.0
            ]
        ],
        "unet": [
            [
                0.0,
                116.79420225002235,
                98.88367934413537,
                693.086672040969,
                143.24199720269277,
                136.72531947610267,
                95.43006358052148,
                147.51085665648037,
                145.25363313487784,
                115.53941526699445,
                94.5460440653246
            ],
            [
                116.79420225002235,
                0.0,
                75.63799549880378,
                686.9397552216748,
                67.72653771818281,
                110.0179428223712,
                75.4821544946531,
                120.48928678967273,
                118.15044996295313,
                59.88669967492479,
                74.28608460612222
            ],
            [
                98.88367934413537,
                75.63799549880378,
                0.0,
                689.1196318001009,
                112.55989410448358,
                101.51193131742711,
                30.803433483537,
                115.7036037341327,
                112.78574307367437,
                74.79635240664639,
                30.792333043711633
            ],
            [
                693.086672040969,
                686.9397552216748,
                689.1196318001009,
                0.0,
                693.9510800986966,
                692.7183980311175,
                688.2373692090742,
                687.0354520588577,
                687.990167406148,
                690.4091633908226,
                688.1174272354716
            ],
            [
                143.24199720269277,
                67.72653771818281,
                112.55989410448358,
                693.9510800986966,
                0.0,
                154.41102741320486,
                112.45262386600179,
                161.49903512706496,
                159.82183423076378,
                85.12383410296574,
                111.52742719733261
            ],
            [
                136.72531947610267,
                110.0179428223712,
                101.51193131742711,
                692.7183980311175,
                154.41102741320486,
                0.0,
                98.83338771338217,
                58.813667735430485,
                53.27104472130791,
                114.02202302440708,
                97.81550572165519
            ],
            [
                95.43006358052148,
                75.4821544946531,
                30.803433483537,
                688.2373692090742,
                112.45262386600179,
                98.83338771338217,
                0.0,
                113.38396044175089,
                110.40305213909775,
                73.34647636699616,
                15.176961112391606
            ],
            [
                147.51085665648037,
                120.48928678967273,
                115.7036037341327,
                687.0354520588577,
                161.49903512706496,
                58.813667735430485,
                113.38396044175089,
                0.0,
                52.06203017265896,
                126.34207017107825,
                112.59124670914319
            ],
            [
                145.25363313487784,
                118.15044996295313,
                112.78574307367437,
                687.990167406148,
                159.82183423076378,
                53.27104472130791,
                110.40305213909775,
                52.06203017265896,
                0.0,
                123.76958250938756,
                109.5765125251335
            ],
            [
                115.53941526699445,
                59.88669967492479,
                74.79635240664639,
