{
    "cm": [
        [
            "sdxl",
            [
                [
                    [
                        "m0",
                        "../../stable-diffusion-webui/tmp/sdxl/explicitFreedomNSFW_beta.safetensors"
                    ],
                    [
                        "m1",
                        "../../stable-diffusion-webui/tmp/sdxl/kohakuXL_alpha7.safetensors"
                    ]
                ],
                [
                    [
                        "m0",
                        "../../stable-diffusion-webui/tmp/sdxl/explicitFreedomNSFW_beta.safetensors"
                    ],
                    [
                        "m2",
                        "../../stable-diffusion-webui/tmp/sdxl/leosamsHelloworldSDXLModel_helloworldSDXL10.safetensors"
                    ]
                ],
                [
                    [
                        "m0",
                        "../../stable-diffusion-webui/tmp/sdxl/explicitFreedomNSFW_beta.safetensors"
                    ],
                    [
                        "m3",
                        "../../stable-diffusion-webui/tmp/sdxl/nd-run8-weighted-3.safetensors"
                    ]
                ],
                [
                    [
                        "m0",
                        "../../stable-diffusion-webui/tmp/sdxl/explicitFreedomNSFW_beta.safetensors"
                    ],
                    [
                        "m4",
                        "../../stable-diffusion-webui/tmp/sdxl/nekoray-xl-1.5m-fp16mixed_e02.safetensors"
                    ]
                ],
                [
                    [
                        "m0",
                        "../../stable-diffusion-webui/tmp/sdxl/explicitFreedomNSFW_beta.safetensors"
                    ],
                    [
                        "m5",
                        "../../stable-diffusion-webui/tmp/sdxl/nekoray-xl-1.5m-pdg32_e02.safetensors"
                    ]
                ],
                [
                    [
                        "m0",
                        "../../stable-diffusion-webui/tmp/sdxl/explicitFreedomNSFW_beta.safetensors"
                    ],
                    [
                        "m6",
                        "../../stable-diffusion-webui/tmp/sdxl/nekorayxl_v06W3.safetensors"
                    ]
                ],
                [
                    [
                        "m0",
                        "../../stable-diffusion-webui/tmp/sdxl/explicitFreedomNSFW_beta.safetensors"
                    ],
                    [
                        "m7",
                        "../../stable-diffusion-webui/tmp/sdxl/SwimInLatent-alpha.fp16.safetensors"
                    ]
                ],
                [
                    [
                        "m0",
                        "../../stable-diffusion-webui/tmp/sdxl/explicitFreedomNSFW_beta.safetensors"
                    ],
                    [
                        "m8",
                        "../../stable-diffusion-webui/tmp/sdxl/wdxl-aesthetic-0.9.safetensors"
                    ]
                ],
                [
                    [
                        "m1",
                        "../../stable-diffusion-webui/tmp/sdxl/kohakuXL_alpha7.safetensors"
                    ],
                    [
                        "m2",
                        "../../stable-diffusion-webui/tmp/sdxl/leosamsHelloworldSDXLModel_helloworldSDXL10.safetensors"
                    ]
                ],
                [
                    [
                        "m1",
                        "../../stable-diffusion-webui/tmp/sdxl/kohakuXL_alpha7.safetensors"
                    ],
                    [
                        "m3",
                        "../../stable-diffusion-webui/tmp/sdxl/nd-run8-weighted-3.safetensors"
                    ]
                ],
                [
                    [
                        "m1",
                        "../../stable-diffusion-webui/tmp/sdxl/kohakuXL_alpha7.safetensors"
                    ],
                    [
                        "m4",
                        "../../stable-diffusion-webui/tmp/sdxl/nekoray-xl-1.5m-fp16mixed_e02.safetensors"
                    ]
                ],
                [
                    [
                        "m1",
                        "../../stable-diffusion-webui/tmp/sdxl/kohakuXL_alpha7.safetensors"
                    ],
                    [
                        "m5",
                        "../../stable-diffusion-webui/tmp/sdxl/nekoray-xl-1.5m-pdg32_e02.safetensors"
                    ]
                ],
                [
                    [
                        "m1",
                        "../../stable-diffusion-webui/tmp/sdxl/kohakuXL_alpha7.safetensors"
                    ],
                    [
                        "m6",
                        "../../stable-diffusion-webui/tmp/sdxl/nekorayxl_v06W3.safetensors"
                    ]
                ],
                [
                    [
                        "m1",
                        "../../stable-diffusion-webui/tmp/sdxl/kohakuXL_alpha7.safetensors"
                    ],
                    [
                        "m7",
                        "../../stable-diffusion-webui/tmp/sdxl/SwimInLatent-alpha.fp16.safetensors"
                    ]
                ],
                [
                    [
                        "m1",
                        "../../stable-diffusion-webui/tmp/sdxl/kohakuXL_alpha7.safetensors"
                    ],
                    [
                        "m8",
                        "../../stable-diffusion-webui/tmp/sdxl/wdxl-aesthetic-0.9.safetensors"
                    ]
                ],
                [
                    [
                        "m2",
                        "../../stable-diffusion-webui/tmp/sdxl/leosamsHelloworldSDXLModel_helloworldSDXL10.safetensors"
                    ],
                    [
                        "m3",
                        "../../stable-diffusion-webui/tmp/sdxl/nd-run8-weighted-3.safetensors"
                    ]
                ],
                [
                    [
                        "m2",
                        "../../stable-diffusion-webui/tmp/sdxl/leosamsHelloworldSDXLModel_helloworldSDXL10.safetensors"
                    ],
                    [
                        "m4",
                        "../../stable-diffusion-webui/tmp/sdxl/nekoray-xl-1.5m-fp16mixed_e02.safetensors"
                    ]
                ],
                [
                    [
                        "m2",
                        "../../stable-diffusion-webui/tmp/sdxl/leosamsHelloworldSDXLModel_helloworldSDXL10.safetensors"
                    ],
                    [
                        "m5",
                        "../../stable-diffusion-webui/tmp/sdxl/nekoray-xl-1.5m-pdg32_e02.safetensors"
                    ]
                ],
                [
                    [
                        "m2",
                        "../../stable-diffusion-webui/tmp/sdxl/leosamsHelloworldSDXLModel_helloworldSDXL10.safetensors"
                    ],
                    [
                        "m6",
                        "../../stable-diffusion-webui/tmp/sdxl/nekorayxl_v06W3.safetensors"
                    ]
                ],
                [
                    [
                        "m2",
                        "../../stable-diffusion-webui/tmp/sdxl/leosamsHelloworldSDXLModel_helloworldSDXL10.safetensors"
                    ],
                    [
                        "m7",
                        "../../stable-diffusion-webui/tmp/sdxl/SwimInLatent-alpha.fp16.safetensors"
                    ]
                ],
                [
                    [
                        "m2",
                        "../../stable-diffusion-webui/tmp/sdxl/leosamsHelloworldSDXLModel_helloworldSDXL10.safetensors"
                    ],
                    [
                        "m8",
                        "../../stable-diffusion-webui/tmp/sdxl/wdxl-aesthetic-0.9.safetensors"
                    ]
                ],
                [
                    [
                        "m3",
                        "../../stable-diffusion-webui/tmp/sdxl/nd-run8-weighted-3.safetensors"
                    ],
                    [
                        "m4",
                        "../../stable-diffusion-webui/tmp/sdxl/nekoray-xl-1.5m-fp16mixed_e02.safetensors"
                    ]
                ],
                [
                    [
                        "m3",
                        "../../stable-diffusion-webui/tmp/sdxl/nd-run8-weighted-3.safetensors"
                    ],
                    [
                        "m5",
                        "../../stable-diffusion-webui/tmp/sdxl/nekoray-xl-1.5m-pdg32_e02.safetensors"
                    ]
                ],
                [
                    [
                        "m3",
                        "../../stable-diffusion-webui/tmp/sdxl/nd-run8-weighted-3.safetensors"
                    ],
                    [
                        "m6",
                        "../../stable-diffusion-webui/tmp/sdxl/nekorayxl_v06W3.safetensors"
                    ]
                ],
                [
                    [
                        "m3",
                        "../../stable-diffusion-webui/tmp/sdxl/nd-run8-weighted-3.safetensors"
                    ],
                    [
                        "m7",
                        "../../stable-diffusion-webui/tmp/sdxl/SwimInLatent-alpha.fp16.safetensors"
                    ]
                ],
                [
                    [
                        "m3",
                        "../../stable-diffusion-webui/tmp/sdxl/nd-run8-weighted-3.safetensors"
                    ],
                    [
                        "m8",
                        "../../stable-diffusion-webui/tmp/sdxl/wdxl-aesthetic-0.9.safetensors"
                    ]
                ],
                [
                    [
                        "m4",
                        "../../stable-diffusion-webui/tmp/sdxl/nekoray-xl-1.5m-fp16mixed_e02.safetensors"
                    ],
                    [
                        "m5",
                        "../../stable-diffusion-webui/tmp/sdxl/nekoray-xl-1.5m-pdg32_e02.safetensors"
                    ]
                ],
                [
                    [
                        "m4",
                        "../../stable-diffusion-webui/tmp/sdxl/nekoray-xl-1.5m-fp16mixed_e02.safetensors"
                    ],
                    [
                        "m6",
                        "../../stable-diffusion-webui/tmp/sdxl/nekorayxl_v06W3.safetensors"
                    ]
                ],
                [
                    [
                        "m4",
                        "../../stable-diffusion-webui/tmp/sdxl/nekoray-xl-1.5m-fp16mixed_e02.safetensors"
                    ],
                    [
                        "m7",
                        "../../stable-diffusion-webui/tmp/sdxl/SwimInLatent-alpha.fp16.safetensors"
                    ]
                ],
                [
                    [
                        "m4",
                        "../../stable-diffusion-webui/tmp/sdxl/nekoray-xl-1.5m-fp16mixed_e02.safetensors"
                    ],
                    [
                        "m8",
                        "../../stable-diffusion-webui/tmp/sdxl/wdxl-aesthetic-0.9.safetensors"
                    ]
                ],
                [
                    [
                        "m5",
                        "../../stable-diffusion-webui/tmp/sdxl/nekoray-xl-1.5m-pdg32_e02.safetensors"
                    ],
                    [
                        "m6",
                        "../../stable-diffusion-webui/tmp/sdxl/nekorayxl_v06W3.safetensors"
                    ]
                ],
                [
                    [
                        "m5",
                        "../../stable-diffusion-webui/tmp/sdxl/nekoray-xl-1.5m-pdg32_e02.safetensors"
                    ],
                    [
                        "m7",
                        "../../stable-diffusion-webui/tmp/sdxl/SwimInLatent-alpha.fp16.safetensors"
                    ]
                ],
                [
                    [
                        "m5",
                        "../../stable-diffusion-webui/tmp/sdxl/nekoray-xl-1.5m-pdg32_e02.safetensors"
                    ],
                    [
                        "m8",
                        "../../stable-diffusion-webui/tmp/sdxl/wdxl-aesthetic-0.9.safetensors"
                    ]
                ],
                [
                    [
                        "m6",
                        "../../stable-diffusion-webui/tmp/sdxl/nekorayxl_v06W3.safetensors"
                    ],
                    [
                        "m7",
                        "../../stable-diffusion-webui/tmp/sdxl/SwimInLatent-alpha.fp16.safetensors"
                    ]
                ],
                [
                    [
                        "m6",
                        "../../stable-diffusion-webui/tmp/sdxl/nekorayxl_v06W3.safetensors"
                    ],
                    [
                        "m8",
                        "../../stable-diffusion-webui/tmp/sdxl/wdxl-aesthetic-0.9.safetensors"
                    ]
                ],
                [
                    [
                        "m7",
                        "../../stable-diffusion-webui/tmp/sdxl/SwimInLatent-alpha.fp16.safetensors"
                    ],
                    [
                        "m8",
                        "../../stable-diffusion-webui/tmp/sdxl/wdxl-aesthetic-0.9.safetensors"
                    ]
                ]
            ]
        ]
    ],
    "dm": {
        "other": [
            [
                0.0,
                0.0,
                0.0,
                0.0,
                0.0,
                0.0,
                0.0,
                0.0,
                0.0
            ],
            [
                0.0,
                0.0,
                0.0,
                0.0,
                0.0,
                0.0,
                0.0,
                0.0,
                0.0
            ],
            [
                0.0,
                0.0,
                0.0,
                0.0,
                0.0,
                0.0,
                0.0,
                0.0,
                0.0
            ],
            [
                0.0,
                0.0,
                0.0,
                0.0,
                0.0,
                0.0,
                0.0,
                0.0,
                0.0
            ],
            [
                0.0,
                0.0,
                0.0,
                0.0,
                0.0,
                0.0,
                0.0,
                0.0,
                0.0
            ],
            [
                0.0,
                0.0,
                0.0,
                0.0,
                0.0,
                0.0,
                0.0,
                0.0,
                0.0
            ],
            [
                0.0,
                0.0,
                0.0,
                0.0,
                0.0,
                0.0,
                0.0,
                0.0,
                0.0
            ],
            [
                0.0,
                0.0,
                0.0,
                0.0,
                0.0,
                0.0,
                0.0,
                0.0,
                0.0
            ],
            [
                0.0,
                0.0,
                0.0,
                0.0,
                0.0,
                0.0,
                0.0,
                0.0,
                0.0
            ]
        ],
        "te": [
            [
                0.0,
                0.0,
                0.0,
                0.0,
                0.0,
                0.0,
                0.0,
                0.0,
                0.0
            ],
            [
                0.0,
                0.0,
                0.0,
                0.0,
                0.0,
                0.0,
                0.0,
                0.0,
                0.0
            ],
            [
                0.0,
                0.0,
                0.0,
                0.0,
                0.0,
                0.0,
                0.0,
                0.0,
                0.0
            ],
            [
                0.0,
                0.0,
                0.0,
                0.0,
                0.0,
                0.0,
                0.0,
                0.0,
                0.0
            ],
            [
                0.0,
                0.0,
                0.0,
                0.0,
                0.0,
                0.0,
                0.0,
                0.0,
                0.0
            ],
            [
                0.0,
                0.0,
                0.0,
                0.0,
                0.0,
                0.0,
                0.0,
                0.0,
                0.0
            ],
            [
                0.0,
                0.0,
                0.0,
                0.0,
                0.0,
                0.0,
                0.0,
                0.0,
                0.0
            ],
            [
                0.0,
                0.0,
                0.0,
                0.0,
                0.0,
                0.0,
                0.0,
                0.0,
                0.0
            ],
            [
                0.0,
                0.0,
                0.0,
                0.0,
                0.0,
                0.0,
                0.0,
                0.0,
                0.0
            ]
        ],
        "te0": [
            [
                0.0,
                1.1282599159074511,
                1.1006534702706712,
                1.0183681876856558,
                1.3823055271346123,
                1.3823055271346123,
                1.0183681876856558,
                1.1006534702706712,
                1.386912007793939
            ],
            [
                1.1282599159074511,
                0.0,
                0.3674221919583839,
                0.35979657732723824,
                0.5845223379901062,
                0.5845223379901062,
                0.35979657732723824,
                0.3674221919583839,
                0.6092459911508709
            ],
            [
                1.1006534702706712,
                0.3674221919583839,
                0.0,
                0.46983879848869886,
                0.5514109659014618,
                0.5514109659014618,
                0.46983879848869886,
                0.0,
                0.5514109659014617
            ],
            [
                1.0183681876856558,
                0.35979657732723824,
                0.46983879848869886,
                0.0,
                0.8611030668908256,
                0.8611030668908256,
                0.0,
                0.46983879848869886,
                0.8611030668908256
            ],
            [
                1.3823055271346123,
                0.5845223379901062,
                0.5514109659014618,
                0.8611030668908256,
                0.0,
                0.0,
                0.8611030668908256,
                0.5514109659014618,
                0.0
            ],
            [
                1.3823055271346123,
                0.5845223379901062,
                0.5514109659014618,
                0.8611030668908256,
                0.0,
                0.0,
                0.8611030668908256,
                0.5514109659014618,
                0.0
            ],
            [
                1.0183681876856558,
                0.35979657732723824,
                0.46983879848869886,
                0.0,
                0.8611030668908256,
                0.8611030668908256,
                0.0,
                0.46983879848869886,
                0.8611030668908256
            ],
            [
                1.1006534702706712,
                0.3674221919583839,
                0.0,
                0.46983879848869886,
                0.5514109659014618,
                0.5514109659014618,
                0.46983879848869886,
                0.0,
                0.5514109659014617
            ],
            [
                1.386912007793939,
                0.6092459911508709,
                0.5514109659014617,
                0.8611030668908256,
                0.0,
                0.0,
                0.8611030668908256,
                0.5514109659014617,
                0.0
            ]
        ],
        "te1": [
            [
                0.0,
                7.782673718973194,
                9.982376031091059,
                6.086406781004259,
                10.201207539193451,
                10.201207539193451,
                6.086406781004259,
                34.37338092394435,
                10.201207539193451
            ],
            [
                7.782673718973194,
                0.0,
                3.37220707193912,
                3.3106480273799233,
                3.590117113502546,
                3.590117113502546,
                3.3106480273799233,
                33.06319720520591,
                3.590117113502546
            ],
            [
                9.982376031091059,
                3.37220707193912,
                0.0,
                6.4752883580378215,
                1.3950134517358757,
                1.3950134517358757,
                6.4752883580378215,
                32.88685053761,
                1.3950134517358757
            ],
            [
                6.086406781004259,
                3.3106480273799233,
                6.4752883580378215,
                0.0,
                6.728926922818782,
                6.728926922818782,
                0.0,
                33.5225775390932,
                6.728926922818782
            ],
            [
                10.201207539193451,
                3.590117113502546,
                1.3950134517358757,
                6.728926922818782,
                0.0,
                0.0,
                6.728926922818782,
                32.91544804968752,
                0.0
            ],
            [
                10.201207539193451,
                3.590117113502546,
                1.3950134517358757,
                6.728926922818782,
                0.0,
                0.0,
                6.728926922818782,
                32.91544804968752,
                0.0
            ],
            [
                6.086406781004259,
                3.3106480273799233,
                6.4752883580378215,
                0.0,
                6.728926922818782,
                6.728926922818782,
                0.0,
                33.5225775390932,
                6.728926922818782
            ],
            [
                34.37338092394435,
                33.06319720520591,
                32.88685053761,
                33.5225775390932,
                32.91544804968752,
                32.91544804968752,
                33.5225775390932,
                0.0,
                32.91544804968752
            ],
            [
                10.201207539193451,
                3.590117113502546,
                1.3950134517358757,
                6.728926922818782,
                0.0,
                0.0,
                6.728926922818782,
                32.91544804968752,
                0.0
            ]
        ],
        "unet": [
            [
                0.0,
                56.21038178824591,
                73.34647636699616,
                93.41263381244353,
                126.34207017107825,
                123.76958250938755,
                93.41263381244353,
                106.91601998781984,
                114.02202302440708
            ],
            [
                56.21038178824591,
                0.0,
                43.36042117602316,
                80.23120694858127,
                122.2868341663835,
                119.59302494262262,
                80.23120694858127,
                100.56495841452856,
                109.22781673691735
            ],
            [
                73.34647636699616,
                43.36042117602316,
                0.0,
                106.66743436058745,
                113.38396044175089,
                110.40305213909775,
                106.66743436058745,
                89.69144322974203,
                98.83338771338218
            ],
            [
                93.41263381244353,
                80.23120694858127,
                106.66743436058745,
                0.0,
                154.59306744476604,
                153.45106507007398,
                0.0,
                143.66041533276874,
                150.3535198556344
            ],
            [
                126.34207017107825,
                122.2868341663835,
                113.38396044175089,
                154.59306744476604,
                0.0,
                52.062030172658964,
                154.59306744476604,
                60.2430947066469,
                58.813667735430485
            ],
            [
                123.76958250938755,
                119.59302494262262,
                110.40305213909775,
                153.45106507007398,
                52.062030172658964,
                0.0,
                153.45106507007398,
                54.82223900509018,
                53.2710447213079
            ],
            [
                93.41263381244353,
                80.23120694858127,
                106.66743436058745,
                0.0,
                154.59306744476604,
                153.45106507007398,
                0.0,
                143.66041533276874,
                150.3535198556344
            ],
            [
                106.91601998781984,
                100.56495841452856,
                89.69144322974203,
                143.66041533276874,
                60.2430947066469,
                54.82223900509018,
                143.66041533276874,
                0.0,
                15.601726929061861
            ],
            [
                114.02202302440708,
                109.22781673691735,
                98.83338771338218,
                150.3535198556344,
                58.813667735430485,
                53.2710447213079,
                150.3535198556344,
                15.601726929061861,
                0.0
            ]
        ],
        "vae": [
            [
                0.0,
                3386.1170825572267,
                77.94384358096514,
                285.23794295184877,
                77.7333634796093,
                77.7333634796093,
                285.23794295184877,
                2985.5168701923694,
                77.7333634796093
            ],
            [
                3386.1170825572267,
                0.0,
                3463.480235528302,
                3100.9088531505276,
                3463.4170955241993,
                3463.4170955241993,
                3100.9088531505276,
                777.5573217058276,
                3463.4170955241993
            ],
            [
                77.94384358096514,
                3463.480235528302,
                0.0,
                362.6623736095772,
                6.93295764162473,
                6.93295764162473,
                362.6623736095772,
                3061.3133095102326,
                6.93295764162473
            ],
            [
                285.23794295184877,
                3100.9088531505276,
                362.6623736095772,
                0.0,
                362.6464360536573,
                362.6464360536573,
                0.0,
                2707.4760595856833,
                362.6464360536573
            ],
            [
                77.7333634796093,
                3463.4170955241993,
                6.93295764162473,
                362.6464360536573,
                0.0,
                0.0,
                362.6464360536573,
                3061.323910650812,
                0.0
            ],
            [
                77.7333634796093,
                3463.4170955241993,
                6.93295764162473,
                362.6464360536573,
                0.0,
                0.0,
                362.6464360536573,
                3061.323910650812,
                0.0
            ],
            [
                285.23794295184877,
                3100.9088531505276,
                362.6623736095772,
                0.0,
                362.6464360536573,
                362.6464360536573,
                0.0,
                2707.4760595856833,
                362.6464360536573
            ],
            [
                2985.5168701923694,
                777.5573217058276,
                3061.3133095102326,
                2707.4760595856833,
                3061.323910650812,
                3061.323910650812,
                2707.4760595856833,
                0.0,
                3061.323910650812
            ],
            [
                77.7333634796093,
                3463.4170955241993,
                6.93295764162473,
                362.6464360536573,
                0.0,
                0.0,
                362.6464360536573,
                3061.323910650812,
                0.0
            ]
        ]
    },
    "ml": [
        "explicitFreedomNSFW_beta.safetensors",
        "kohakuXL_alpha7.safetensors",
        "leosamsHelloworldSDXLModel_helloworldSDXL10.safetensors",
        "nd-run8-weighted-3.safetensors",
        "nekoray-xl-1.5m-fp16mixed_e02.safetensors",
        "nekoray-xl-1.5m-pdg32_e02.safetensors",
        "nekorayxl_v06W3.safetensors",
        "SwimInLatent-alpha.fp16.safetensors",
        "wdxl-aesthetic-0.9.safetensors"
    ]
}