{
    "cm": [
        [
            "x215c",
            [
                [
                    [
                        "m0",
                        "F:/NOVELAI/astolfo_mix/sdxl/tmp/amp-AstolfoMix-24101301-29bac1a.safetensors"
                    ],
                    [
                        "m1",
                        "F:/NOVELAI/astolfo_mix/sdxl/tmp/x215a-AstolfoMix-24101101-6e545a3.safetensors"
                    ]
                ],
                [
                    [
                        "m0",
                        "F:/NOVELAI/astolfo_mix/sdxl/tmp/amp-AstolfoMix-24101301-29bac1a.safetensors"
                    ],
                    [
                        "m2",
                        "F:/NOVELAI/astolfo_mix/sdxl/tmp/x215b-AstolfoMix-24101301-29bac1a.safetensors"
                    ]
                ],
                [
                    [
                        "m0",
                        "F:/NOVELAI/astolfo_mix/sdxl/tmp/amp-AstolfoMix-24101301-29bac1a.safetensors"
                    ],
                    [
                        "m3",
                        "F:/NOVELAI/astolfo_mix/sdxl/tmp/x215c-AstolfoMix-24101101-6e545a3.safetensors"
                    ]
                ],
                [
                    [
                        "m0",
                        "F:/NOVELAI/astolfo_mix/sdxl/tmp/amp-AstolfoMix-24101301-29bac1a.safetensors"
                    ],
                    [
                        "m4",
                        "F:/NOVELAI/astolfo_mix/sdxl/tmp/_x001-sd_xl_base_1.0.safetensors"
                    ]
                ],
                [
                    [
                        "m1",
                        "F:/NOVELAI/astolfo_mix/sdxl/tmp/x215a-AstolfoMix-24101101-6e545a3.safetensors"
                    ],
                    [
                        "m2",
                        "F:/NOVELAI/astolfo_mix/sdxl/tmp/x215b-AstolfoMix-24101301-29bac1a.safetensors"
                    ]
                ],
                [
                    [
                        "m1",
                        "F:/NOVELAI/astolfo_mix/sdxl/tmp/x215a-AstolfoMix-24101101-6e545a3.safetensors"
                    ],
                    [
                        "m3",
                        "F:/NOVELAI/astolfo_mix/sdxl/tmp/x215c-AstolfoMix-24101101-6e545a3.safetensors"
                    ]
                ],
                [
                    [
                        "m1",
                        "F:/NOVELAI/astolfo_mix/sdxl/tmp/x215a-AstolfoMix-24101101-6e545a3.safetensors"
                    ],
                    [
                        "m4",
                        "F:/NOVELAI/astolfo_mix/sdxl/tmp/_x001-sd_xl_base_1.0.safetensors"
                    ]
                ],
                [
                    [
                        "m2",
                        "F:/NOVELAI/astolfo_mix/sdxl/tmp/x215b-AstolfoMix-24101301-29bac1a.safetensors"
                    ],
                    [
                        "m3",
                        "F:/NOVELAI/astolfo_mix/sdxl/tmp/x215c-AstolfoMix-24101101-6e545a3.safetensors"
                    ]
                ],
                [
                    [
                        "m2",
                        "F:/NOVELAI/astolfo_mix/sdxl/tmp/x215b-AstolfoMix-24101301-29bac1a.safetensors"
                    ],
                    [
                        "m4",
                        "F:/NOVELAI/astolfo_mix/sdxl/tmp/_x001-sd_xl_base_1.0.safetensors"
                    ]
                ],
                [
                    [
                        "m3",
                        "F:/NOVELAI/astolfo_mix/sdxl/tmp/x215c-AstolfoMix-24101101-6e545a3.safetensors"
                    ],
                    [
                        "m4",
                        "F:/NOVELAI/astolfo_mix/sdxl/tmp/_x001-sd_xl_base_1.0.safetensors"
                    ]
                ]
            ]
        ]
    ],
    "dm": {
        "other": [
            [
                0.0,
                0.0,
                0.0,
                0.0,
                0.0
            ],
            [
                0.0,
                0.0,
                0.0,
                0.0,
                0.0
            ],
            [
                0.0,
                0.0,
                0.0,
                0.0,
                0.0
            ],
            [
                0.0,
                0.0,
                0.0,
                0.0,
                0.0
            ],
            [
                0.0,
                0.0,
                0.0,
                0.0,
                0.0
            ]
        ],
        "te": [
            [
                0.0,
                0.0,
                0.0,
                0.0,
                0.0
            ],
            [
                0.0,
                0.0,
                0.0,
                0.0,
                0.0
            ],
            [
                0.0,
                0.0,
                0.0,
                0.0,
                0.0
            ],
            [
                0.0,
                0.0,
                0.0,
                0.0,
                0.0
            ],
            [
                0.0,
                0.0,
                0.0,
                0.0,
                0.0
            ]
        ],
        "te0": [
            [
                0.0,
                6.839602947235107,
                6.8436126708984375,
                6.841233253479004,
                13.679132461547852
            ],
            [
                6.839602947235107,
                0.0,
                0.24508385360240936,
                0.15120601654052734,
                6.839579105377197
            ],
            [
                6.8436126708984375,
                0.24508385360240936,
                0.0,
                0.14357271790504456,
                6.844427108764648
            ],
            [
                6.841233253479004,
                0.15120601654052734,
                0.14357271790504456,
                0.0,
                6.841318130493164
            ],
            [
                13.679132461547852,
                6.839579105377197,
                6.844427108764648,
                6.841318130493164,
                0.0
            ]
        ],
        "te1": [
            [
                0.0,
                20.228443145751953,
                40.45639419555664,
                30.342845916748047,
                40.45639419555664
            ],
            [
                20.228443145751953,
                0.0,
                20.228303909301758,
                10.115657806396484,
                20.228303909301758
            ],
            [
                40.45639419555664,
                20.228303909301758,
                0.0,
                10.11638355255127,
                0.0
            ],
            [
                30.342845916748047,
                10.115657806396484,
                10.11638355255127,
                0.0,
                10.11638355255127
            ],
            [
                40.45639419555664,
                20.228303909301758,
                0.0,
                10.11638355255127,
                0.0
            ]
        ],
        "unet": [
            [
                0.0,
                117.23997497558594,
                117.24401092529297,
                117.24275970458984,
                234.4774627685547
            ],
            [
                117.23997497558594,
                0.0,
                0.8712610006332397,
                0.5505867004394531,
                117.23904418945312
            ],
            [
                117.24401092529297,
                0.8712610006332397,
                0.0,
                0.5181617140769958,
                117.24744415283203
            ],
            [
                117.24275970458984,
                0.5505867004394531,
                0.5181617140769958,
                0.0,
                117.24290466308594
            ],
            [
                234.4774627685547,
                117.23904418945312,
                117.24744415283203,
                117.24290466308594,
                0.0
            ]
        ],
        "vae": [
            [
                0.0,
                0.0,
                1.145367980003357,
                3463.418701171875,
                0.0
            ],
            [
                0.0,
                0.0,
                1.145367980003357,
                3463.418701171875,
                0.0
            ],
            [
                1.145367980003357,
                1.145367980003357,
                0.0,
                3463.40283203125,
                1.145367980003357
            ],
            [
                3463.418701171875,
                3463.418701171875,
                3463.40283203125,
                0.0,
                3463.418701171875
            ],
            [
                0.0,
                0.0,
                1.145367980003357,
                3463.418701171875,
                0.0
            ]
        ]
    },
    "ml": [
        "amp-AstolfoMix-24101301-29bac1a.safetensors",
        "x215a-AstolfoMix-24101101-6e545a3.safetensors",
        "x215b-AstolfoMix-24101301-29bac1a.safetensors",
        "x215c-AstolfoMix-24101101-6e545a3.safetensors",
        "_x001-sd_xl_base_1.0.safetensors"
    ]
}