{
    "cm": [
        [
            "evt",
            [
                [
                    [
                        "m0",
                        "../../stable-diffusion-webui/tmp/SD1/evt/animefull-final-pruned.ckpt"
                    ],
                    [
                        "m1",
                        "../../stable-diffusion-webui/tmp/SD1/evt/Anything-V3.0-pruned-fp32.ckpt"
                    ]
                ],
                [
                    [
                        "m0",
                        "../../stable-diffusion-webui/tmp/SD1/evt/animefull-final-pruned.ckpt"
                    ],
                    [
                        "m2",
                        "../../stable-diffusion-webui/tmp/SD1/evt/evt_v2-ema-pruned.ckpt"
                    ]
                ],
                [
                    [
                        "m0",
                        "../../stable-diffusion-webui/tmp/SD1/evt/animefull-final-pruned.ckpt"
                    ],
                    [
                        "m3",
                        "../../stable-diffusion-webui/tmp/SD1/evt/Evt_V3_ema.ckpt"
                    ]
                ],
                [
                    [
                        "m0",
                        "../../stable-diffusion-webui/tmp/SD1/evt/animefull-final-pruned.ckpt"
                    ],
                    [
                        "m4",
                        "../../stable-diffusion-webui/tmp/SD1/evt/Evt_V4_e10_ema.safetensors"
                    ]
                ],
                [
                    [
                        "m1",
                        "../../stable-diffusion-webui/tmp/SD1/evt/Anything-V3.0-pruned-fp32.ckpt"
                    ],
                    [
                        "m2",
                        "../../stable-diffusion-webui/tmp/SD1/evt/evt_v2-ema-pruned.ckpt"
                    ]
                ],
                [
                    [
                        "m1",
                        "../../stable-diffusion-webui/tmp/SD1/evt/Anything-V3.0-pruned-fp32.ckpt"
                    ],
                    [
                        "m3",
                        "../../stable-diffusion-webui/tmp/SD1/evt/Evt_V3_ema.ckpt"
                    ]
                ],
                [
                    [
                        "m1",
                        "../../stable-diffusion-webui/tmp/SD1/evt/Anything-V3.0-pruned-fp32.ckpt"
                    ],
                    [
                        "m4",
                        "../../stable-diffusion-webui/tmp/SD1/evt/Evt_V4_e10_ema.safetensors"
                    ]
                ],
                [
                    [
                        "m2",
                        "../../stable-diffusion-webui/tmp/SD1/evt/evt_v2-ema-pruned.ckpt"
                    ],
                    [
                        "m3",
                        "../../stable-diffusion-webui/tmp/SD1/evt/Evt_V3_ema.ckpt"
                    ]
                ],
                [
                    [
                        "m2",
                        "../../stable-diffusion-webui/tmp/SD1/evt/evt_v2-ema-pruned.ckpt"
                    ],
                    [
                        "m4",
                        "../../stable-diffusion-webui/tmp/SD1/evt/Evt_V4_e10_ema.safetensors"
                    ]
                ],
                [
                    [
                        "m3",
                        "../../stable-diffusion-webui/tmp/SD1/evt/Evt_V3_ema.ckpt"
                    ],
                    [
                        "m4",
                        "../../stable-diffusion-webui/tmp/SD1/evt/Evt_V4_e10_ema.safetensors"
                    ]
                ]
            ]
        ]
    ],
    "dm": {
        "other": [
            [
                0.0,
                0.0,
                0.0,
                0.0,
                0.0
            ],
            [
                0.0,
                0.0,
                0.0,
                0.0,
                0.0
            ],
            [
                0.0,
                0.0,
                0.0,
                0.0,
                0.0
            ],
            [
                0.0,
                0.0,
                0.0,
                0.0,
                0.0
            ],
            [
                0.0,
                0.0,
                0.0,
                0.0,
                0.0
            ]
        ],
        "te": [
            [
                0.0,
                0.0,
                0.0,
                0.0,
                0.0
            ],
            [
                0.0,
                0.0,
                0.2118349960354007,
                0.2118349960354007,
                0.19736668887076758
            ],
            [
                0.0,
                0.2118349960354007,
                0.0,
                0.0,
                0.0
            ],
            [
                0.0,
                0.2118349960354007,
                0.0,
                0.0,
                0.0
            ],
            [
                0.0,
                0.19736668887076758,
                0.0,
                0.0,
                0.0
            ]
        ],
        "unet": [
            [
                0.0,
                29.840625872520818,
                8.455885844284778,
                9.512660905252366,
                116.5966846177135
            ],
            [
                29.840625872520818,
                0.0,
                30.606314880218054,
                30.81265456657061,
                119.08070571843255
            ],
            [
                8.455885844284778,
                30.606314880218054,
                0.0,
                4.981983087892271,
                116.66287078960966
            ],
            [
                9.512660905252366,
                30.81265456657061,
                4.981983087892271,
                0.0,
                116.67801359294269
            ],
            [
                116.5966846177135,
                119.08070571843255,
                116.66287078960966,
                116.67801359294269,
                0.0
            ]
        ],
        "vae": [
            [
                0.0,
                335.56471981578255,
                469.2050926216234,
                469.2050926216234,
                469.2050926216234
            ],
            [
                335.56471981578255,
                0.0,
                133.64068299444486,
                133.64068299444486,
                133.64068299444486
            ],
            [
                469.2050926216234,
                133.64068299444486,
                0.0,
                0.0,
                0.0
            ],
            [
                469.2050926216234,
                133.64068299444486,
                0.0,
                0.0,
                0.0
            ],
            [
                469.2050926216234,
                133.64068299444486,
                0.0,
                0.0,
                0.0
            ]
        ]
    },
    "ml": [
        "animefull-final-pruned.ckpt",
        "Anything-V3.0-pruned-fp32.ckpt",
        "evt_v2-ema-pruned.ckpt",
        "Evt_V3_ema.ckpt",
        "Evt_V4_e10_ema.safetensors"
    ]
}