{
    "cm": [
        [
            "sd2",
            [
                [
                    [
                        "m0",
                        "../../stable-diffusion-webui/tmp/SD2/cmp/cjd-v2-1-1.safetensors"
                    ],
                    [
                        "m1",
                        "../../stable-diffusion-webui/tmp/SD2/cmp/nmfsan-e10.safetensors"
                    ]
                ],
                [
                    [
                        "m0",
                        "../../stable-diffusion-webui/tmp/SD2/cmp/cjd-v2-1-1.safetensors"
                    ],
                    [
                        "m2",
                        "../../stable-diffusion-webui/tmp/SD2/cmp/sd-20-768-v-ema.ckpt"
                    ]
                ],
                [
                    [
                        "m0",
                        "../../stable-diffusion-webui/tmp/SD2/cmp/cjd-v2-1-1.safetensors"
                    ],
                    [
                        "m3",
                        "../../stable-diffusion-webui/tmp/SD2/cmp/sd-21-768-ema-pruned.ckpt"
                    ]
                ],
                [
                    [
                        "m0",
                        "../../stable-diffusion-webui/tmp/SD2/cmp/cjd-v2-1-1.safetensors"
                    ],
                    [
                        "m4",
                        "../../stable-diffusion-webui/tmp/SD2/cmp/sd2_1_ucg_autotagger_ruminant_notte_12_21.ckpt"
                    ]
                ],
                [
                    [
                        "m0",
                        "../../stable-diffusion-webui/tmp/SD2/cmp/cjd-v2-1-1.safetensors"
                    ],
                    [
                        "m5",
                        "../../stable-diffusion-webui/tmp/SD2/cmp/wd-1-4-anime_e1.ckpt"
                    ]
                ],
                [
                    [
                        "m0",
                        "../../stable-diffusion-webui/tmp/SD2/cmp/cjd-v2-1-1.safetensors"
                    ],
                    [
                        "m6",
                        "../../stable-diffusion-webui/tmp/SD2/cmp/wd-1-4-anime_e2.ckpt"
                    ]
                ],
                [
                    [
                        "m1",
                        "../../stable-diffusion-webui/tmp/SD2/cmp/nmfsan-e10.safetensors"
                    ],
                    [
                        "m2",
                        "../../stable-diffusion-webui/tmp/SD2/cmp/sd-20-768-v-ema.ckpt"
                    ]
                ],
                [
                    [
                        "m1",
                        "../../stable-diffusion-webui/tmp/SD2/cmp/nmfsan-e10.safetensors"
                    ],
                    [
                        "m3",
                        "../../stable-diffusion-webui/tmp/SD2/cmp/sd-21-768-ema-pruned.ckpt"
                    ]
                ],
                [
                    [
                        "m1",
                        "../../stable-diffusion-webui/tmp/SD2/cmp/nmfsan-e10.safetensors"
                    ],
                    [
                        "m4",
                        "../../stable-diffusion-webui/tmp/SD2/cmp/sd2_1_ucg_autotagger_ruminant_notte_12_21.ckpt"
                    ]
                ],
                [
                    [
                        "m1",
                        "../../stable-diffusion-webui/tmp/SD2/cmp/nmfsan-e10.safetensors"
                    ],
                    [
                        "m5",
                        "../../stable-diffusion-webui/tmp/SD2/cmp/wd-1-4-anime_e1.ckpt"
                    ]
                ],
                [
                    [
                        "m1",
                        "../../stable-diffusion-webui/tmp/SD2/cmp/nmfsan-e10.safetensors"
                    ],
                    [
                        "m6",
                        "../../stable-diffusion-webui/tmp/SD2/cmp/wd-1-4-anime_e2.ckpt"
                    ]
                ],
                [
                    [
                        "m2",
                        "../../stable-diffusion-webui/tmp/SD2/cmp/sd-20-768-v-ema.ckpt"
                    ],
                    [
                        "m3",
                        "../../stable-diffusion-webui/tmp/SD2/cmp/sd-21-768-ema-pruned.ckpt"
                    ]
                ],
                [
                    [
                        "m2",
                        "../../stable-diffusion-webui/tmp/SD2/cmp/sd-20-768-v-ema.ckpt"
                    ],
                    [
                        "m4",
                        "../../stable-diffusion-webui/tmp/SD2/cmp/sd2_1_ucg_autotagger_ruminant_notte_12_21.ckpt"
                    ]
                ],
                [
                    [
                        "m2",
                        "../../stable-diffusion-webui/tmp/SD2/cmp/sd-20-768-v-ema.ckpt"
                    ],
                    [
                        "m5",
                        "../../stable-diffusion-webui/tmp/SD2/cmp/wd-1-4-anime_e1.ckpt"
                    ]
                ],
                [
                    [
                        "m2",
                        "../../stable-diffusion-webui/tmp/SD2/cmp/sd-20-768-v-ema.ckpt"
                    ],
                    [
                        "m6",
                        "../../stable-diffusion-webui/tmp/SD2/cmp/wd-1-4-anime_e2.ckpt"
                    ]
                ],
                [
                    [
                        "m3",
                        "../../stable-diffusion-webui/tmp/SD2/cmp/sd-21-768-ema-pruned.ckpt"
                    ],
                    [
                        "m4",
                        "../../stable-diffusion-webui/tmp/SD2/cmp/sd2_1_ucg_autotagger_ruminant_notte_12_21.ckpt"
                    ]
                ],
                [
                    [
                        "m3",
                        "../../stable-diffusion-webui/tmp/SD2/cmp/sd-21-768-ema-pruned.ckpt"
                    ],
                    [
                        "m5",
                        "../../stable-diffusion-webui/tmp/SD2/cmp/wd-1-4-anime_e1.ckpt"
                    ]
                ],
                [
                    [
                        "m3",
                        "../../stable-diffusion-webui/tmp/SD2/cmp/sd-21-768-ema-pruned.ckpt"
                    ],
                    [
                        "m6",
                        "../../stable-diffusion-webui/tmp/SD2/cmp/wd-1-4-anime_e2.ckpt"
                    ]
                ],
                [
                    [
                        "m4",
                        "../../stable-diffusion-webui/tmp/SD2/cmp/sd2_1_ucg_autotagger_ruminant_notte_12_21.ckpt"
                    ],
                    [
                        "m5",
                        "../../stable-diffusion-webui/tmp/SD2/cmp/wd-1-4-anime_e1.ckpt"
                    ]
                ],
                [
                    [
                        "m4",
                        "../../stable-diffusion-webui/tmp/SD2/cmp/sd2_1_ucg_autotagger_ruminant_notte_12_21.ckpt"
                    ],
                    [
                        "m6",
                        "../../stable-diffusion-webui/tmp/SD2/cmp/wd-1-4-anime_e2.ckpt"
                    ]
                ],
                [
                    [
                        "m5",
                        "../../stable-diffusion-webui/tmp/SD2/cmp/wd-1-4-anime_e1.ckpt"
                    ],
                    [
                        "m6",
                        "../../stable-diffusion-webui/tmp/SD2/cmp/wd-1-4-anime_e2.ckpt"
                    ]
                ]
            ]
        ]
    ],
    "dm": {
        "other": [
            [
                0.0,
                0.0,
                0.0,
                0.0,
                0.0,
                0.0,
                0.0
            ],
            [
                0.0,
                0.0,
                0.0,
                0.0,
                0.0,
                0.0,
                0.0
            ],
            [
                0.0,
                0.0,
                0.0,
                60002.0,
                0.0,
                0.0,
                0.0
            ],
            [
                0.0,
                0.0,
                60002.0,
                0.0,
                0.0,
                0.0,
                0.0
            ],
            [
                0.0,
                0.0,
                0.0,
                0.0,
                0.0,
                0.0,
                0.0
            ],
            [
                0.0,
                0.0,
                0.0,
                0.0,
                0.0,
                0.0,
                0.0
            ],
            [
                0.0,
                0.0,
                0.0,
                0.0,
                0.0,
                0.0,
                0.0
            ]
        ],
        "te": [
            [
                0.0,
                0.08713427208522888,
                0.0,
                0.0,
                1026.2476498585568,
                36.82340783299587,
                48.37123168062268
            ],
            [
                0.08713427208522888,
                0.0,
                0.08713427208522888,
                0.08713427208522888,
                0.08713427208522888,
                36.82353856862956,
                48.37135284516311
            ],
            [
                0.0,
                0.08713427208522888,
                0.0,
                0.0,
                1026.2476498585568,
                36.82340783299587,
                48.37123168062268
            ],
            [
                0.0,
                0.08713427208522888,
                0.0,
                0.0,
                1026.2476498585568,
                36.82340783299587,
                48.37123168062268
            ],
            [
                1026.2476498585568,
                0.08713427208522888,
                1026.2476498585568,
                1026.2476498585568,
                0.0,
                36.82340783299587,
                48.37123168062268
            ],
            [
                36.82340783299587,
                36.82353856862956,
                36.82340783299587,
                36.82340783299587,
                36.82340783299587,
                0.0,
                28.209913091353627
            ],
            [
                48.37123168062268,
                48.37135284516311,
                48.37123168062268,
                48.37123168062268,
                48.37123168062268,
                28.209913091353627,
                0.0
            ]
        ],
        "unet": [
            [
                0.0,
                559.4103395219792,
                485.5455478867291,
                560.2001962401122,
                560.3161855631823,
                186.11863299792947,
                187.8970062790728
            ],
            [
                559.4103395219792,
                0.0,
                324.435294769111,
                41.08369592576363,
                40.68555612658278,
                560.7586549330382,
                561.7329531340292
            ],
            [
                485.5455478867291,
                324.435294769111,
                0.0,
                322.3835925039085,
                322.94779483849516,
                483.3119991180904,
                485.0026725572851
            ],
            [
                560.2001962401122,
                41.08369592576363,
                322.3835925039085,
                0.0,
                10.06165774844145,
                561.2071622487008,
                562.4068537719552
            ],
            [
                560.3161855631823,
                40.68555612658278,
                322.94779483849516,
                10.06165774844145,
                0.0,
                561.3154694549803,
                562.5020134597409
            ],
            [
                186.11863299792947,
                560.7586549330382,
                483.3119991180904,
                561.2071622487008,
                561.3154694549803,
                0.0,
                48.343928593788846
            ],
            [
                187.8970062790728,
                561.7329531340292,
                485.0026725572851,
                562.4068537719552,
                562.5020134597409,
                48.343928593788846,
                0.0
            ]
        ],
        "vae": [
            [
                0.0,
                282.08687508848055,
                282.0868052222559,
                282.0868052222559,
                282.0868052222559,
                399.69617994710677,
                399.69617994710677
            ],
            [
                282.08687508848055,
                0.0,
                0.0928621670342326,
                0.0928621670342326,
                0.0928621670342326,
                271.6167180164223,
                271.6167180164223
            ],
            [
                282.0868052222559,
                0.0928621670342326,
                0.0,
                0.0,
                0.0,
                271.61672498711073,
                271.61672498711073
            ],
            [
                282.0868052222559,
                0.0928621670342326,
                0.0,
                0.0,
                0.0,
                271.61672498711073,
                271.61672498711073
            ],
            [
                282.0868052222559,
                0.0928621670342326,
                0.0,
                0.0,
                0.0,
                271.61672498711073,
                271.61672498711073
            ],
            [
                399.69617994710677,
                271.6167180164223,
                271.61672498711073,
                271.61672498711073,
                271.61672498711073,
                0.0,
                0.0
            ],
            [
                399.69617994710677,
                271.6167180164223,
                271.61672498711073,
                271.61672498711073,
                271.61672498711073,
                0.0,
                0.0
            ]
        ]
    },
    "ml": [
        "cjd-v2-1-1.safetensors",
        "nmfsan-e10.safetensors",
        "sd-20-768-v-ema.ckpt",
        "sd-21-768-ema-pruned.ckpt",
        "sd2_1_ucg_autotagger_ruminant_notte_12_21.ckpt",
        "wd-1-4-anime_e1.ckpt",
        "wd-1-4-anime_e2.ckpt"
    ]
}