{
    "cm": [
        [
            "wdacnai",
            [
                [
                    [
                        "m0",
                        "../../stable-diffusion-webui/tmp/SD1/wdacnai/888886dc.ckpt"
                    ],
                    [
                        "m1",
                        "../../stable-diffusion-webui/tmp/SD1/wdacnai/ACertainty.ckpt"
                    ]
                ],
                [
                    [
                        "m0",
                        "../../stable-diffusion-webui/tmp/SD1/wdacnai/888886dc.ckpt"
                    ],
                    [
                        "m2",
                        "../../stable-diffusion-webui/tmp/SD1/wdacnai/animefull-final-pruned.ckpt"
                    ]
                ],
                [
                    [
                        "m0",
                        "../../stable-diffusion-webui/tmp/SD1/wdacnai/888886dc.ckpt"
                    ],
                    [
                        "m3",
                        "../../stable-diffusion-webui/tmp/SD1/wdacnai/nnai_221201.ckpt"
                    ]
                ],
                [
                    [
                        "m0",
                        "../../stable-diffusion-webui/tmp/SD1/wdacnai/888886dc.ckpt"
                    ],
                    [
                        "m4",
                        "../../stable-diffusion-webui/tmp/SD1/wdacnai/nnai_lora_221213.ckpt"
                    ]
                ],
                [
                    [
                        "m0",
                        "../../stable-diffusion-webui/tmp/SD1/wdacnai/888886dc.ckpt"
                    ],
                    [
                        "m5",
                        "../../stable-diffusion-webui/tmp/SD1/wdacnai/sd-v1-2-full-ema.ckpt"
                    ]
                ],
                [
                    [
                        "m0",
                        "../../stable-diffusion-webui/tmp/SD1/wdacnai/888886dc.ckpt"
                    ],
                    [
                        "m6",
                        "../../stable-diffusion-webui/tmp/SD1/wdacnai/sd-v1-4.ckpt"
                    ]
                ],
                [
                    [
                        "m0",
                        "../../stable-diffusion-webui/tmp/SD1/wdacnai/888886dc.ckpt"
                    ],
                    [
                        "m7",
                        "../../stable-diffusion-webui/tmp/SD1/wdacnai/v1-5-pruned.ckpt"
                    ]
                ],
                [
                    [
                        "m0",
                        "../../stable-diffusion-webui/tmp/SD1/wdacnai/888886dc.ckpt"
                    ],
                    [
                        "m8",
                        "../../stable-diffusion-webui/tmp/SD1/wdacnai/wd-v1-3-full.ckpt"
                    ]
                ],
                [
                    [
                        "m1",
                        "../../stable-diffusion-webui/tmp/SD1/wdacnai/ACertainty.ckpt"
                    ],
                    [
                        "m2",
                        "../../stable-diffusion-webui/tmp/SD1/wdacnai/animefull-final-pruned.ckpt"
                    ]
                ],
                [
                    [
                        "m1",
                        "../../stable-diffusion-webui/tmp/SD1/wdacnai/ACertainty.ckpt"
                    ],
                    [
                        "m3",
                        "../../stable-diffusion-webui/tmp/SD1/wdacnai/nnai_221201.ckpt"
                    ]
                ],
                [
                    [
                        "m1",
                        "../../stable-diffusion-webui/tmp/SD1/wdacnai/ACertainty.ckpt"
                    ],
                    [
                        "m4",
                        "../../stable-diffusion-webui/tmp/SD1/wdacnai/nnai_lora_221213.ckpt"
                    ]
                ],
                [
                    [
                        "m1",
                        "../../stable-diffusion-webui/tmp/SD1/wdacnai/ACertainty.ckpt"
                    ],
                    [
                        "m5",
                        "../../stable-diffusion-webui/tmp/SD1/wdacnai/sd-v1-2-full-ema.ckpt"
                    ]
                ],
                [
                    [
                        "m1",
                        "../../stable-diffusion-webui/tmp/SD1/wdacnai/ACertainty.ckpt"
                    ],
                    [
                        "m6",
                        "../../stable-diffusion-webui/tmp/SD1/wdacnai/sd-v1-4.ckpt"
                    ]
                ],
                [
                    [
                        "m1",
                        "../../stable-diffusion-webui/tmp/SD1/wdacnai/ACertainty.ckpt"
                    ],
                    [
                        "m7",
                        "../../stable-diffusion-webui/tmp/SD1/wdacnai/v1-5-pruned.ckpt"
                    ]
                ],
                [
                    [
                        "m1",
                        "../../stable-diffusion-webui/tmp/SD1/wdacnai/ACertainty.ckpt"
                    ],
                    [
                        "m8",
                        "../../stable-diffusion-webui/tmp/SD1/wdacnai/wd-v1-3-full.ckpt"
                    ]
                ],
                [
                    [
                        "m2",
                        "../../stable-diffusion-webui/tmp/SD1/wdacnai/animefull-final-pruned.ckpt"
                    ],
                    [
                        "m3",
                        "../../stable-diffusion-webui/tmp/SD1/wdacnai/nnai_221201.ckpt"
                    ]
                ],
                [
                    [
                        "m2",
                        "../../stable-diffusion-webui/tmp/SD1/wdacnai/animefull-final-pruned.ckpt"
                    ],
                    [
                        "m4",
                        "../../stable-diffusion-webui/tmp/SD1/wdacnai/nnai_lora_221213.ckpt"
                    ]
                ],
                [
                    [
                        "m2",
                        "../../stable-diffusion-webui/tmp/SD1/wdacnai/animefull-final-pruned.ckpt"
                    ],
                    [
                        "m5",
                        "../../stable-diffusion-webui/tmp/SD1/wdacnai/sd-v1-2-full-ema.ckpt"
                    ]
                ],
                [
                    [
                        "m2",
                        "../../stable-diffusion-webui/tmp/SD1/wdacnai/animefull-final-pruned.ckpt"
                    ],
                    [
                        "m6",
                        "../../stable-diffusion-webui/tmp/SD1/wdacnai/sd-v1-4.ckpt"
                    ]
                ],
                [
                    [
                        "m2",
                        "../../stable-diffusion-webui/tmp/SD1/wdacnai/animefull-final-pruned.ckpt"
                    ],
                    [
                        "m7",
                        "../../stable-diffusion-webui/tmp/SD1/wdacnai/v1-5-pruned.ckpt"
                    ]
                ],
                [
                    [
                        "m2",
                        "../../stable-diffusion-webui/tmp/SD1/wdacnai/animefull-final-pruned.ckpt"
                    ],
                    [
                        "m8",
                        "../../stable-diffusion-webui/tmp/SD1/wdacnai/wd-v1-3-full.ckpt"
                    ]
                ],
                [
                    [
                        "m3",
                        "../../stable-diffusion-webui/tmp/SD1/wdacnai/nnai_221201.ckpt"
                    ],
                    [
                        "m4",
                        "../../stable-diffusion-webui/tmp/SD1/wdacnai/nnai_lora_221213.ckpt"
                    ]
                ],
                [
                    [
                        "m3",
                        "../../stable-diffusion-webui/tmp/SD1/wdacnai/nnai_221201.ckpt"
                    ],
                    [
                        "m5",
                        "../../stable-diffusion-webui/tmp/SD1/wdacnai/sd-v1-2-full-ema.ckpt"
                    ]
                ],
                [
                    [
                        "m3",
                        "../../stable-diffusion-webui/tmp/SD1/wdacnai/nnai_221201.ckpt"
                    ],
                    [
                        "m6",
                        "../../stable-diffusion-webui/tmp/SD1/wdacnai/sd-v1-4.ckpt"
                    ]
                ],
                [
                    [
                        "m3",
                        "../../stable-diffusion-webui/tmp/SD1/wdacnai/nnai_221201.ckpt"
                    ],
                    [
                        "m7",
                        "../../stable-diffusion-webui/tmp/SD1/wdacnai/v1-5-pruned.ckpt"
                    ]
                ],
                [
                    [
                        "m3",
                        "../../stable-diffusion-webui/tmp/SD1/wdacnai/nnai_221201.ckpt"
                    ],
                    [
                        "m8",
                        "../../stable-diffusion-webui/tmp/SD1/wdacnai/wd-v1-3-full.ckpt"
                    ]
                ],
                [
                    [
                        "m4",
                        "../../stable-diffusion-webui/tmp/SD1/wdacnai/nnai_lora_221213.ckpt"
                    ],
                    [
                        "m5",
                        "../../stable-diffusion-webui/tmp/SD1/wdacnai/sd-v1-2-full-ema.ckpt"
                    ]
                ],
                [
                    [
                        "m4",
                        "../../stable-diffusion-webui/tmp/SD1/wdacnai/nnai_lora_221213.ckpt"
                    ],
                    [
                        "m6",
                        "../../stable-diffusion-webui/tmp/SD1/wdacnai/sd-v1-4.ckpt"
                    ]
                ],
                [
                    [
                        "m4",
                        "../../stable-diffusion-webui/tmp/SD1/wdacnai/nnai_lora_221213.ckpt"
                    ],
                    [
                        "m7",
                        "../../stable-diffusion-webui/tmp/SD1/wdacnai/v1-5-pruned.ckpt"
                    ]
                ],
                [
                    [
                        "m4",
                        "../../stable-diffusion-webui/tmp/SD1/wdacnai/nnai_lora_221213.ckpt"
                    ],
                    [
                        "m8",
                        "../../stable-diffusion-webui/tmp/SD1/wdacnai/wd-v1-3-full.ckpt"
                    ]
                ],
                [
                    [
                        "m5",
                        "../../stable-diffusion-webui/tmp/SD1/wdacnai/sd-v1-2-full-ema.ckpt"
                    ],
                    [
                        "m6",
                        "../../stable-diffusion-webui/tmp/SD1/wdacnai/sd-v1-4.ckpt"
                    ]
                ],
                [
                    [
                        "m5",
                        "../../stable-diffusion-webui/tmp/SD1/wdacnai/sd-v1-2-full-ema.ckpt"
                    ],
                    [
                        "m7",
                        "../../stable-diffusion-webui/tmp/SD1/wdacnai/v1-5-pruned.ckpt"
                    ]
                ],
                [
                    [
                        "m5",
                        "../../stable-diffusion-webui/tmp/SD1/wdacnai/sd-v1-2-full-ema.ckpt"
                    ],
                    [
                        "m8",
                        "../../stable-diffusion-webui/tmp/SD1/wdacnai/wd-v1-3-full.ckpt"
                    ]
                ],
                [
                    [
                        "m6",
                        "../../stable-diffusion-webui/tmp/SD1/wdacnai/sd-v1-4.ckpt"
                    ],
                    [
                        "m7",
                        "../../stable-diffusion-webui/tmp/SD1/wdacnai/v1-5-pruned.ckpt"
                    ]
                ],
                [
                    [
                        "m6",
                        "../../stable-diffusion-webui/tmp/SD1/wdacnai/sd-v1-4.ckpt"
                    ],
                    [
                        "m8",
                        "../../stable-diffusion-webui/tmp/SD1/wdacnai/wd-v1-3-full.ckpt"
                    ]
                ],
                [
                    [
                        "m7",
                        "../../stable-diffusion-webui/tmp/SD1/wdacnai/v1-5-pruned.ckpt"
                    ],
                    [
                        "m8",
                        "../../stable-diffusion-webui/tmp/SD1/wdacnai/wd-v1-3-full.ckpt"
                    ]
                ]
            ]
        ]
    ],
    "dm": {
        "other": [
            [
                0.0,
                0.0,
                0.0,
                0.0,
                0.0,
                0.0,
                0.0,
                0.0,
                0.0
            ],
            [
                0.0,
                0.0,
                0.0,
                0.0,
                0.0,
                0.0,
                0.0,
                0.0,
                0.0
            ],
            [
                0.0,
                0.0,
                0.0,
                0.0,
                0.0,
                1001598.0,
                551602.0,
                188398.0,
                338192.0
            ],
            [
                0.0,
                0.0,
                0.0,
                0.0,
                0.0,
                0.0,
                0.0,
                0.0,
                0.0
            ],
            [
                0.0,
                0.0,
                0.0,
                0.0,
                0.0,
                0.0,
                0.0,
                0.0,
                0.0
            ],
            [
                0.0,
                0.0,
                1001598.0,
                0.0,
                0.0,
                0.0,
                449996.0,
                1189996.0911124775,
                663406.0617739449
            ],
            [
                0.0,
                0.0,
                551602.0,
                0.0,
                0.0,
                449996.0,
                0.0,
                740000.0,
                213410.0
            ],
            [
                0.0,
                0.0,
                188398.0,
                0.0,
                0.0,
                1189996.0911124775,
                740000.0,
                0.0,
                526590.0951018371
            ],
            [
                0.0,
                0.0,
                338192.0,
                0.0,
                0.0,
                663406.0617739449,
                213410.0,
                526590.0951018371,
                0.0
            ]
        ],
        "te": [
            [
                0.0,
                0.0,
                0.0,
                0.0,
                2.4501991853203084,
                0.0,
                0.0,
                0.0,
                0.0
            ],
            [
                0.0,
                0.0,
                0.0,
                0.0,
                2.4501991853203084,
                0.0,
                0.0,
                0.0,
                0.0
            ],
            [
                0.0,
                0.0,
                0.0,
                0.0,
                0.0,
                0.0,
                0.0,
                0.0,
                0.0
            ],
            [
                0.0,
                0.0,
                0.0,
                0.0,
                2.4501991853203084,
                0.0,
                0.0,
                0.0,
                0.0
            ],
            [
                2.4501991853203084,
                2.4501991853203084,
                0.0,
                2.4501991853203084,
                0.0,
                2.4501991853203084,
                2.4501991853203084,
                2.4501991853203084,
                2.4501991853203084
            ],
            [
                0.0,
                0.0,
                0.0,
                0.0,
                2.4501991853203084,
                0.0,
                0.0,
                0.0,
                0.0
            ],
            [
                0.0,
                0.0,
                0.0,
                0.0,
                2.4501991853203084,
                0.0,
                0.0,
                0.0,
                0.0
            ],
            [
                0.0,
                0.0,
                0.0,
                0.0,
                2.4501991853203084,
                0.0,
                0.0,
                0.0,
                0.0
            ],
            [
                0.0,
                0.0,
                0.0,
                0.0,
                2.4501991853203084,
                0.0,
                0.0,
                0.0,
                0.0
            ]
        ],
        "unet": [
            [
                0.0,
                101.68922730985346,
                16.484791300243796,
                7.899697865150211,
                101.69004379539139,
                307.98934291984517,
                137.35972220285367,
                338.62028920717063,
                115.64870198175541
            ],
            [
                101.68922730985346,
                0.0,
                101.60626049309403,
                100.20079958897112,
                0.25394468810897747,
                217.21829233906863,
                161.28864446986873,
                371.3984893579167,
                148.92566540254
            ],
            [
                16.484791300243796,
                101.60626049309403,
                0.0,
                8.916296538357635,
                101.60732614772189,
                307.1400937265915,
                135.50018409524088,
                338.01591746282025,
                113.80709956737519
            ],
            [
                7.899697865150211,
                100.20079958897112,
                8.916296538357635,
                0.0,
                100.20169160481893,
                306.34693039544356,
                135.86124772263315,
                338.35019070669307,
                114.22100439359426
            ],
            [
                101.69004379539139,
                0.25394468810897747,
                101.60732614772189,
                100.20169160481893,
                0.0,
                217.21342987237514,
                161.28205988403272,
                371.39508005149276,
                148.91727153874382
            ],
            [
                307.98934291984517,
                217.21829233906863,
                307.1400937265915,
                306.34693039544356,
                217.21342987237514,
                0.0,
                272.96369359232204,
                467.9299899567164,
                286.9419062617982
            ],
            [
                137.35972220285367,
                161.28864446986873,
                135.50018409524088,
                135.86124772263315,
                161.28205988403272,
                272.96369359232204,
                0.0,
                320.8122142564759,
                81.3600745948773
            ],
            [
                338.62028920717063,
                371.3984893579167,
                338.01591746282025,
                338.35019070669307,
                371.39508005149276,
                467.9299899567164,
                320.8122142564759,
                0.0,
                320.9694342706743
            ],
            [
                115.64870198175541,
                148.92566540254,
                113.80709956737519,
                114.22100439359426,
                148.91727153874382,
                286.9419062617982,
                81.3600745948773,
                320.9694342706743,
                0.0
            ]
        ],
        "vae": [
            [
                0.0,
                0.0,
                469.2050926216234,
                0.0,
                0.13145116812679747,
                469.2050926216234,
                469.2050926216234,
                469.2050926216234,
                469.2050926216234
            ],
            [
                0.0,
                0.0,
                469.2050926216234,
                0.0,
                0.13145116812679747,
                469.2050926216234,
                469.2050926216234,
                469.2050926216234,
                469.2050926216234
            ],
            [
                469.2050926216234,
                469.2050926216234,
                0.0,
                469.2050926216234,
                469.2046016097865,
                0.0,
                0.0,
                0.0,
                0.0
            ],
            [
                0.0,
                0.0,
                469.2050926216234,
                0.0,
                0.13145116812679747,
                469.2050926216234,
                469.2050926216234,
                469.2050926216234,
                469.2050926216234
            ],
            [
                0.13145116812679747,
                0.13145116812679747,
                469.2046016097865,
                0.13145116812679747,
                0.0,
                469.2046016097865,
                469.2046016097865,
                469.2046016097865,
                469.2046016097865
            ],
            [
                469.2050926216234,
                469.2050926216234,
                0.0,
                469.2050926216234,
                469.2046016097865,
                0.0,
                0.0,
                0.0,
                0.0
            ],
            [
                469.2050926216234,
                469.2050926216234,
                0.0,
                469.2050926216234,
                469.2046016097865,
                0.0,
                0.0,
                0.0,
                0.0
            ],
            [
                469.2050926216234,
                469.2050926216234,
                0.0,
                469.2050926216234,
                469.2046016097865,
                0.0,
                0.0,
                0.0,
                0.0
            ],
            [
                469.2050926216234,
                469.2050926216234,
                0.0,
                469.2050926216234,
                469.2046016097865,
                0.0,
                0.0,
                0.0,
                0.0
            ]
        ]
    },
    "ml": [
        "888886dc.ckpt",
        "ACertainty.ckpt",
        "animefull-final-pruned.ckpt",
        "nnai_221201.ckpt",
        "nnai_lora_221213.ckpt",
        "sd-v1-2-full-ema.ckpt",
        "sd-v1-4.ckpt",
        "v1-5-pruned.ckpt",
        "wd-v1-3-full.ckpt"
    ]
}